alpha,gamma,beta,epsilon_u,block_length,low_avg,iteration,seed
0.2,0.1,1,0.3,10,10,594,1
0.5,0.1,1,0.3,10,10,594,1
0.2,0.5,1,0.3,10,10,594,1
0.5,0.5,1,0.3,10,10,594,1
0.2,0.9,1,0.3,10,10,594,1
0.5,0.9,1,0.3,10,10,594,1
0.2,0.1,5,0.3,10,10,594,1
0.5,0.1,5,0.3,10,10,594,1
0.2,0.5,5,0.3,10,10,594,1
0.5,0.5,5,0.3,10,10,594,1
0.2,0.9,5,0.3,10,10,594,1
0.5,0.9,5,0.3,10,10,594,1
0.2,0.1,1,0.9,10,10,594,1
0.5,0.1,1,0.9,10,10,594,1
0.2,0.5,1,0.9,10,10,594,1
0.5,0.5,1,0.9,10,10,594,1
0.2,0.9,1,0.9,10,10,594,1
0.5,0.9,1,0.9,10,10,594,1
0.2,0.1,5,0.9,10,10,594,1
0.5,0.1,5,0.9,10,10,594,1
0.2,0.5,5,0.9,10,10,594,1
0.5,0.5,5,0.9,10,10,594,1
0.2,0.9,5,0.9,10,10,594,1
0.5,0.9,5,0.9,10,10,594,1
0.2,0.1,1,0.3,10,20,594,1
0.5,0.1,1,0.3,10,20,594,1
0.2,0.5,1,0.3,10,20,594,1
0.5,0.5,1,0.3,10,20,594,1
0.2,0.9,1,0.3,10,20,594,1
0.5,0.9,1,0.3,10,20,594,1
0.2,0.1,5,0.3,10,20,594,1
0.5,0.1,5,0.3,10,20,594,1
0.2,0.5,5,0.3,10,20,594,1
0.5,0.5,5,0.3,10,20,594,1
0.2,0.9,5,0.3,10,20,594,1
0.5,0.9,5,0.3,10,20,594,1
0.2,0.1,1,0.9,10,20,594,1
0.5,0.1,1,0.9,10,20,594,1
0.2,0.5,1,0.9,10,20,594,1
0.5,0.5,1,0.9,10,20,594,1
0.2,0.9,1,0.9,10,20,594,1
0.5,0.9,1,0.9,10,20,594,1
0.2,0.1,5,0.9,10,20,594,1
0.5,0.1,5,0.9,10,20,594,1
0.2,0.5,5,0.9,10,20,594,1
0.5,0.5,5,0.9,10,20,594,1
0.2,0.9,5,0.9,10,20,594,1
0.5,0.9,5,0.9,10,20,594,1
0.2,0.1,1,0.3,10,10,594,2
0.5,0.1,1,0.3,10,10,594,2
0.2,0.5,1,0.3,10,10,594,2
0.5,0.5,1,0.3,10,10,594,2
0.2,0.9,1,0.3,10,10,594,2
0.5,0.9,1,0.3,10,10,594,2
0.2,0.1,5,0.3,10,10,594,2
0.5,0.1,5,0.3,10,10,594,2
0.2,0.5,5,0.3,10,10,594,2
0.5,0.5,5,0.3,10,10,594,2
0.2,0.9,5,0.3,10,10,594,2
0.5,0.9,5,0.3,10,10,594,2
0.2,0.1,1,0.9,10,10,594,2
0.5,0.1,1,0.9,10,10,594,2
0.2,0.5,1,0.9,10,10,594,2
0.5,0.5,1,0.9,10,10,594,2
0.2,0.9,1,0.9,10,10,594,2
0.5,0.9,1,0.9,10,10,594,2
0.2,0.1,5,0.9,10,10,594,2
0.5,0.1,5,0.9,10,10,594,2
0.2,0.5,5,0.9,10,10,594,2
0.5,0.5,5,0.9,10,10,594,2
0.2,0.9,5,0.9,10,10,594,2
0.5,0.9,5,0.9,10,10,594,2
0.2,0.1,1,0.3,10,20,594,2
0.5,0.1,1,0.3,10,20,594,2
0.2,0.5,1,0.3,10,20,594,2
0.5,0.5,1,0.3,10,20,594,2
0.2,0.9,1,0.3,10,20,594,2
0.5,0.9,1,0.3,10,20,594,2
0.2,0.1,5,0.3,10,20,594,2
0.5,0.1,5,0.3,10,20,594,2
0.2,0.5,5,0.3,10,20,594,2
0.5,0.5,5,0.3,10,20,594,2
0.2,0.9,5,0.3,10,20,594,2
0.5,0.9,5,0.3,10,20,594,2
0.2,0.1,1,0.9,10,20,594,2
0.5,0.1,1,0.9,10,20,594,2
0.2,0.5,1,0.9,10,20,594,2
0.5,0.5,1,0.9,10,20,594,2
0.2,0.9,1,0.9,10,20,594,2
0.5,0.9,1,0.9,10,20,594,2
0.2,0.1,5,0.9,10,20,594,2
0.5,0.1,5,0.9,10,20,594,2
0.2,0.5,5,0.9,10,20,594,2
0.5,0.5,5,0.9,10,20,594,2
0.2,0.9,5,0.9,10,20,594,2
0.5,0.9,5,0.9,10,20,594,2
0.2,0.1,1,0.3,10,10,594,3
0.5,0.1,1,0.3,10,10,594,3
0.2,0.5,1,0.3,10,10,594,3
0.5,0.5,1,0.3,10,10,594,3
0.2,0.9,1,0.3,10,10,594,3
0.5,0.9,1,0.3,10,10,594,3
0.2,0.1,5,0.3,10,10,594,3
0.5,0.1,5,0.3,10,10,594,3
0.2,0.5,5,0.3,10,10,594,3
0.5,0.5,5,0.3,10,10,594,3
0.2,0.9,5,0.3,10,10,594,3
0.5,0.9,5,0.3,10,10,594,3
0.2,0.1,1,0.9,10,10,594,3
0.5,0.1,1,0.9,10,10,594,3
0.2,0.5,1,0.9,10,10,594,3
0.5,0.5,1,0.9,10,10,594,3
0.2,0.9,1,0.9,10,10,594,3
0.5,0.9,1,0.9,10,10,594,3
0.2,0.1,5,0.9,10,10,594,3
0.5,0.1,5,0.9,10,10,594,3
0.2,0.5,5,0.9,10,10,594,3
0.5,0.5,5,0.9,10,10,594,3
0.2,0.9,5,0.9,10,10,594,3
0.5,0.9,5,0.9,10,10,594,3
0.2,0.1,1,0.3,10,20,594,3
0.5,0.1,1,0.3,10,20,594,3
0.2,0.5,1,0.3,10,20,594,3
0.5,0.5,1,0.3,10,20,594,3
0.2,0.9,1,0.3,10,20,594,3
0.5,0.9,1,0.3,10,20,594,3
0.2,0.1,5,0.3,10,20,594,3
0.5,0.1,5,0.3,10,20,594,3
0.2,0.5,5,0.3,10,20,594,3
0.5,0.5,5,0.3,10,20,594,3
0.2,0.9,5,0.3,10,20,594,3
0.5,0.9,5,0.3,10,20,594,3
0.2,0.1,1,0.9,10,20,594,3
0.5,0.1,1,0.9,10,20,594,3
0.2,0.5,1,0.9,10,20,594,3
0.5,0.5,1,0.9,10,20,594,3
0.2,0.9,1,0.9,10,20,594,3
0.5,0.9,1,0.9,10,20,594,3
0.2,0.1,5,0.9,10,20,594,3
0.5,0.1,5,0.9,10,20,594,3
0.2,0.5,5,0.9,10,20,594,3
0.5,0.5,5,0.9,10,20,594,3
0.2,0.9,5,0.9,10,20,594,3
0.5,0.9,5,0.9,10,20,594,3
0.2,0.1,1,0.3,10,10,594,4
0.5,0.1,1,0.3,10,10,594,4
0.2,0.5,1,0.3,10,10,594,4
0.5,0.5,1,0.3,10,10,594,4
0.2,0.9,1,0.3,10,10,594,4
0.5,0.9,1,0.3,10,10,594,4
0.2,0.1,5,0.3,10,10,594,4
0.5,0.1,5,0.3,10,10,594,4
0.2,0.5,5,0.3,10,10,594,4
0.5,0.5,5,0.3,10,10,594,4
0.2,0.9,5,0.3,10,10,594,4
0.5,0.9,5,0.3,10,10,594,4
0.2,0.1,1,0.9,10,10,594,4
0.5,0.1,1,0.9,10,10,594,4
0.2,0.5,1,0.9,10,10,594,4
0.5,0.5,1,0.9,10,10,594,4
0.2,0.9,1,0.9,10,10,594,4
0.5,0.9,1,0.9,10,10,594,4
0.2,0.1,5,0.9,10,10,594,4
0.5,0.1,5,0.9,10,10,594,4
0.2,0.5,5,0.9,10,10,594,4
0.5,0.5,5,0.9,10,10,594,4
0.2,0.9,5,0.9,10,10,594,4
0.5,0.9,5,0.9,10,10,594,4
0.2,0.1,1,0.3,10,20,594,4
0.5,0.1,1,0.3,10,20,594,4
0.2,0.5,1,0.3,10,20,594,4
0.5,0.5,1,0.3,10,20,594,4
0.2,0.9,1,0.3,10,20,594,4
0.5,0.9,1,0.3,10,20,594,4
0.2,0.1,5,0.3,10,20,594,4
0.5,0.1,5,0.3,10,20,594,4
0.2,0.5,5,0.3,10,20,594,4
0.5,0.5,5,0.3,10,20,594,4
0.2,0.9,5,0.3,10,20,594,4
0.5,0.9,5,0.3,10,20,594,4
0.2,0.1,1,0.9,10,20,594,4
0.5,0.1,1,0.9,10,20,594,4
0.2,0.5,1,0.9,10,20,594,4
0.5,0.5,1,0.9,10,20,594,4
0.2,0.9,1,0.9,10,20,594,4
0.5,0.9,1,0.9,10,20,594,4
0.2,0.1,5,0.9,10,20,594,4
0.5,0.1,5,0.9,10,20,594,4
0.2,0.5,5,0.9,10,20,594,4
0.5,0.5,5,0.9,10,20,594,4
0.2,0.9,5,0.9,10,20,594,4
0.5,0.9,5,0.9,10,20,594,4
0.2,0.1,1,0.3,10,10,594,5
0.5,0.1,1,0.3,10,10,594,5
0.2,0.5,1,0.3,10,10,594,5
0.5,0.5,1,0.3,10,10,594,5
0.2,0.9,1,0.3,10,10,594,5
0.5,0.9,1,0.3,10,10,594,5
0.2,0.1,5,0.3,10,10,594,5
0.5,0.1,5,0.3,10,10,594,5
0.2,0.5,5,0.3,10,10,594,5
0.5,0.5,5,0.3,10,10,594,5
0.2,0.9,5,0.3,10,10,594,5
0.5,0.9,5,0.3,10,10,594,5
0.2,0.1,1,0.9,10,10,594,5
0.5,0.1,1,0.9,10,10,594,5
0.2,0.5,1,0.9,10,10,594,5
0.5,0.5,1,0.9,10,10,594,5
0.2,0.9,1,0.9,10,10,594,5
0.5,0.9,1,0.9,10,10,594,5
0.2,0.1,5,0.9,10,10,594,5
0.5,0.1,5,0.9,10,10,594,5
0.2,0.5,5,0.9,10,10,594,5
0.5,0.5,5,0.9,10,10,594,5
0.2,0.9,5,0.9,10,10,594,5
0.5,0.9,5,0.9,10,10,594,5
0.2,0.1,1,0.3,10,20,594,5
0.5,0.1,1,0.3,10,20,594,5
0.2,0.5,1,0.3,10,20,594,5
0.5,0.5,1,0.3,10,20,594,5
0.2,0.9,1,0.3,10,20,594,5
0.5,0.9,1,0.3,10,20,594,5
0.2,0.1,5,0.3,10,20,594,5
0.5,0.1,5,0.3,10,20,594,5
0.2,0.5,5,0.3,10,20,594,5
0.5,0.5,5,0.3,10,20,594,5
0.2,0.9,5,0.3,10,20,594,5
0.5,0.9,5,0.3,10,20,594,5
0.2,0.1,1,0.9,10,20,594,5
0.5,0.1,1,0.9,10,20,594,5
0.2,0.5,1,0.9,10,20,594,5
0.5,0.5,1,0.9,10,20,594,5
0.2,0.9,1,0.9,10,20,594,5
0.5,0.9,1,0.9,10,20,594,5
0.2,0.1,5,0.9,10,20,594,5
0.5,0.1,5,0.9,10,20,594,5
0.2,0.5,5,0.9,10,20,594,5
0.5,0.5,5,0.9,10,20,594,5
0.2,0.9,5,0.9,10,20,594,5
0.5,0.9,5,0.9,10,20,594,5
0.2,0.1,1,0.3,10,10,594,6
0.5,0.1,1,0.3,10,10,594,6
0.2,0.5,1,0.3,10,10,594,6
0.5,0.5,1,0.3,10,10,594,6
0.2,0.9,1,0.3,10,10,594,6
0.5,0.9,1,0.3,10,10,594,6
0.2,0.1,5,0.3,10,10,594,6
0.5,0.1,5,0.3,10,10,594,6
0.2,0.5,5,0.3,10,10,594,6
0.5,0.5,5,0.3,10,10,594,6
0.2,0.9,5,0.3,10,10,594,6
0.5,0.9,5,0.3,10,10,594,6
0.2,0.1,1,0.9,10,10,594,6
0.5,0.1,1,0.9,10,10,594,6
0.2,0.5,1,0.9,10,10,594,6
0.5,0.5,1,0.9,10,10,594,6
0.2,0.9,1,0.9,10,10,594,6
0.5,0.9,1,0.9,10,10,594,6
0.2,0.1,5,0.9,10,10,594,6
0.5,0.1,5,0.9,10,10,594,6
0.2,0.5,5,0.9,10,10,594,6
0.5,0.5,5,0.9,10,10,594,6
0.2,0.9,5,0.9,10,10,594,6
0.5,0.9,5,0.9,10,10,594,6
0.2,0.1,1,0.3,10,20,594,6
0.5,0.1,1,0.3,10,20,594,6
0.2,0.5,1,0.3,10,20,594,6
0.5,0.5,1,0.3,10,20,594,6
0.2,0.9,1,0.3,10,20,594,6
0.5,0.9,1,0.3,10,20,594,6
0.2,0.1,5,0.3,10,20,594,6
0.5,0.1,5,0.3,10,20,594,6
0.2,0.5,5,0.3,10,20,594,6
0.5,0.5,5,0.3,10,20,594,6
0.2,0.9,5,0.3,10,20,594,6
0.5,0.9,5,0.3,10,20,594,6
0.2,0.1,1,0.9,10,20,594,6
0.5,0.1,1,0.9,10,20,594,6
0.2,0.5,1,0.9,10,20,594,6
0.5,0.5,1,0.9,10,20,594,6
0.2,0.9,1,0.9,10,20,594,6
0.5,0.9,1,0.9,10,20,594,6
0.2,0.1,5,0.9,10,20,594,6
0.5,0.1,5,0.9,10,20,594,6
0.2,0.5,5,0.9,10,20,594,6
0.5,0.5,5,0.9,10,20,594,6
0.2,0.9,5,0.9,10,20,594,6
0.5,0.9,5,0.9,10,20,594,6
0.2,0.1,1,0.3,10,10,594,7
0.5,0.1,1,0.3,10,10,594,7
0.2,0.5,1,0.3,10,10,594,7
0.5,0.5,1,0.3,10,10,594,7
0.2,0.9,1,0.3,10,10,594,7
0.5,0.9,1,0.3,10,10,594,7
0.2,0.1,5,0.3,10,10,594,7
0.5,0.1,5,0.3,10,10,594,7
0.2,0.5,5,0.3,10,10,594,7
0.5,0.5,5,0.3,10,10,594,7
0.2,0.9,5,0.3,10,10,594,7
0.5,0.9,5,0.3,10,10,594,7
0.2,0.1,1,0.9,10,10,594,7
0.5,0.1,1,0.9,10,10,594,7
0.2,0.5,1,0.9,10,10,594,7
0.5,0.5,1,0.9,10,10,594,7
0.2,0.9,1,0.9,10,10,594,7
0.5,0.9,1,0.9,10,10,594,7
0.2,0.1,5,0.9,10,10,594,7
0.5,0.1,5,0.9,10,10,594,7
0.2,0.5,5,0.9,10,10,594,7
0.5,0.5,5,0.9,10,10,594,7
0.2,0.9,5,0.9,10,10,594,7
0.5,0.9,5,0.9,10,10,594,7
0.2,0.1,1,0.3,10,20,594,7
0.5,0.1,1,0.3,10,20,594,7
0.2,0.5,1,0.3,10,20,594,7
0.5,0.5,1,0.3,10,20,594,7
0.2,0.9,1,0.3,10,20,594,7
0.5,0.9,1,0.3,10,20,594,7
0.2,0.1,5,0.3,10,20,594,7
0.5,0.1,5,0.3,10,20,594,7
0.2,0.5,5,0.3,10,20,594,7
0.5,0.5,5,0.3,10,20,594,7
0.2,0.9,5,0.3,10,20,594,7
0.5,0.9,5,0.3,10,20,594,7
0.2,0.1,1,0.9,10,20,594,7
0.5,0.1,1,0.9,10,20,594,7
0.2,0.5,1,0.9,10,20,594,7
0.5,0.5,1,0.9,10,20,594,7
0.2,0.9,1,0.9,10,20,594,7
0.5,0.9,1,0.9,10,20,594,7
0.2,0.1,5,0.9,10,20,594,7
0.5,0.1,5,0.9,10,20,594,7
0.2,0.5,5,0.9,10,20,594,7
0.5,0.5,5,0.9,10,20,594,7
0.2,0.9,5,0.9,10,20,594,7
0.5,0.9,5,0.9,10,20,594,7
0.2,0.1,1,0.3,10,10,594,8
0.5,0.1,1,0.3,10,10,594,8
0.2,0.5,1,0.3,10,10,594,8
0.5,0.5,1,0.3,10,10,594,8
0.2,0.9,1,0.3,10,10,594,8
0.5,0.9,1,0.3,10,10,594,8
0.2,0.1,5,0.3,10,10,594,8
0.5,0.1,5,0.3,10,10,594,8
0.2,0.5,5,0.3,10,10,594,8
0.5,0.5,5,0.3,10,10,594,8
0.2,0.9,5,0.3,10,10,594,8
0.5,0.9,5,0.3,10,10,594,8
0.2,0.1,1,0.9,10,10,594,8
0.5,0.1,1,0.9,10,10,594,8
0.2,0.5,1,0.9,10,10,594,8
0.5,0.5,1,0.9,10,10,594,8
0.2,0.9,1,0.9,10,10,594,8
0.5,0.9,1,0.9,10,10,594,8
0.2,0.1,5,0.9,10,10,594,8
0.5,0.1,5,0.9,10,10,594,8
0.2,0.5,5,0.9,10,10,594,8
0.5,0.5,5,0.9,10,10,594,8
0.2,0.9,5,0.9,10,10,594,8
0.5,0.9,5,0.9,10,10,594,8
0.2,0.1,1,0.3,10,20,594,8
0.5,0.1,1,0.3,10,20,594,8
0.2,0.5,1,0.3,10,20,594,8
0.5,0.5,1,0.3,10,20,594,8
0.2,0.9,1,0.3,10,20,594,8
0.5,0.9,1,0.3,10,20,594,8
0.2,0.1,5,0.3,10,20,594,8
0.5,0.1,5,0.3,10,20,594,8
0.2,0.5,5,0.3,10,20,594,8
0.5,0.5,5,0.3,10,20,594,8
0.2,0.9,5,0.3,10,20,594,8
0.5,0.9,5,0.3,10,20,594,8
0.2,0.1,1,0.9,10,20,594,8
0.5,0.1,1,0.9,10,20,594,8
0.2,0.5,1,0.9,10,20,594,8
0.5,0.5,1,0.9,10,20,594,8
0.2,0.9,1,0.9,10,20,594,8
0.5,0.9,1,0.9,10,20,594,8
0.2,0.1,5,0.9,10,20,594,8
0.5,0.1,5,0.9,10,20,594,8
0.2,0.5,5,0.9,10,20,594,8
0.5,0.5,5,0.9,10,20,594,8
0.2,0.9,5,0.9,10,20,594,8
0.5,0.9,5,0.9,10,20,594,8
0.2,0.1,1,0.3,10,10,594,9
0.5,0.1,1,0.3,10,10,594,9
0.2,0.5,1,0.3,10,10,594,9
0.5,0.5,1,0.3,10,10,594,9
0.2,0.9,1,0.3,10,10,594,9
0.5,0.9,1,0.3,10,10,594,9
0.2,0.1,5,0.3,10,10,594,9
0.5,0.1,5,0.3,10,10,594,9
0.2,0.5,5,0.3,10,10,594,9
0.5,0.5,5,0.3,10,10,594,9
0.2,0.9,5,0.3,10,10,594,9
0.5,0.9,5,0.3,10,10,594,9
0.2,0.1,1,0.9,10,10,594,9
0.5,0.1,1,0.9,10,10,594,9
0.2,0.5,1,0.9,10,10,594,9
0.5,0.5,1,0.9,10,10,594,9
0.2,0.9,1,0.9,10,10,594,9
0.5,0.9,1,0.9,10,10,594,9
0.2,0.1,5,0.9,10,10,594,9
0.5,0.1,5,0.9,10,10,594,9
0.2,0.5,5,0.9,10,10,594,9
0.5,0.5,5,0.9,10,10,594,9
0.2,0.9,5,0.9,10,10,594,9
0.5,0.9,5,0.9,10,10,594,9
0.2,0.1,1,0.3,10,20,594,9
0.5,0.1,1,0.3,10,20,594,9
0.2,0.5,1,0.3,10,20,594,9
0.5,0.5,1,0.3,10,20,594,9
0.2,0.9,1,0.3,10,20,594,9
0.5,0.9,1,0.3,10,20,594,9
0.2,0.1,5,0.3,10,20,594,9
0.5,0.1,5,0.3,10,20,594,9
0.2,0.5,5,0.3,10,20,594,9
0.5,0.5,5,0.3,10,20,594,9
0.2,0.9,5,0.3,10,20,594,9
0.5,0.9,5,0.3,10,20,594,9
0.2,0.1,1,0.9,10,20,594,9
0.5,0.1,1,0.9,10,20,594,9
0.2,0.5,1,0.9,10,20,594,9
0.5,0.5,1,0.9,10,20,594,9
0.2,0.9,1,0.9,10,20,594,9
0.5,0.9,1,0.9,10,20,594,9
0.2,0.1,5,0.9,10,20,594,9
0.5,0.1,5,0.9,10,20,594,9
0.2,0.5,5,0.9,10,20,594,9
0.5,0.5,5,0.9,10,20,594,9
0.2,0.9,5,0.9,10,20,594,9
0.5,0.9,5,0.9,10,20,594,9
0.2,0.1,1,0.3,10,10,594,10
0.5,0.1,1,0.3,10,10,594,10
0.2,0.5,1,0.3,10,10,594,10
0.5,0.5,1,0.3,10,10,594,10
0.2,0.9,1,0.3,10,10,594,10
0.5,0.9,1,0.3,10,10,594,10
0.2,0.1,5,0.3,10,10,594,10
0.5,0.1,5,0.3,10,10,594,10
0.2,0.5,5,0.3,10,10,594,10
0.5,0.5,5,0.3,10,10,594,10
0.2,0.9,5,0.3,10,10,594,10
0.5,0.9,5,0.3,10,10,594,10
0.2,0.1,1,0.9,10,10,594,10
0.5,0.1,1,0.9,10,10,594,10
0.2,0.5,1,0.9,10,10,594,10
0.5,0.5,1,0.9,10,10,594,10
0.2,0.9,1,0.9,10,10,594,10
0.5,0.9,1,0.9,10,10,594,10
0.2,0.1,5,0.9,10,10,594,10
0.5,0.1,5,0.9,10,10,594,10
0.2,0.5,5,0.9,10,10,594,10
0.5,0.5,5,0.9,10,10,594,10
0.2,0.9,5,0.9,10,10,594,10
0.5,0.9,5,0.9,10,10,594,10
0.2,0.1,1,0.3,10,20,594,10
0.5,0.1,1,0.3,10,20,594,10
0.2,0.5,1,0.3,10,20,594,10
0.5,0.5,1,0.3,10,20,594,10
0.2,0.9,1,0.3,10,20,594,10
0.5,0.9,1,0.3,10,20,594,10
0.2,0.1,5,0.3,10,20,594,10
0.5,0.1,5,0.3,10,20,594,10
0.2,0.5,5,0.3,10,20,594,10
0.5,0.5,5,0.3,10,20,594,10
0.2,0.9,5,0.3,10,20,594,10
0.5,0.9,5,0.3,10,20,594,10
0.2,0.1,1,0.9,10,20,594,10
0.5,0.1,1,0.9,10,20,594,10
0.2,0.5,1,0.9,10,20,594,10
0.5,0.5,1,0.9,10,20,594,10
0.2,0.9,1,0.9,10,20,594,10
0.5,0.9,1,0.9,10,20,594,10
0.2,0.1,5,0.9,10,20,594,10
0.5,0.1,5,0.9,10,20,594,10
0.2,0.5,5,0.9,10,20,594,10
0.5,0.5,5,0.9,10,20,594,10
0.2,0.9,5,0.9,10,20,594,10
0.5,0.9,5,0.9,10,20,594,10
0.2,0.1,1,0.3,10,10,594,11
0.5,0.1,1,0.3,10,10,594,11
0.2,0.5,1,0.3,10,10,594,11
0.5,0.5,1,0.3,10,10,594,11
0.2,0.9,1,0.3,10,10,594,11
0.5,0.9,1,0.3,10,10,594,11
0.2,0.1,5,0.3,10,10,594,11
0.5,0.1,5,0.3,10,10,594,11
0.2,0.5,5,0.3,10,10,594,11
0.5,0.5,5,0.3,10,10,594,11
0.2,0.9,5,0.3,10,10,594,11
0.5,0.9,5,0.3,10,10,594,11
0.2,0.1,1,0.9,10,10,594,11
0.5,0.1,1,0.9,10,10,594,11
0.2,0.5,1,0.9,10,10,594,11
0.5,0.5,1,0.9,10,10,594,11
0.2,0.9,1,0.9,10,10,594,11
0.5,0.9,1,0.9,10,10,594,11
0.2,0.1,5,0.9,10,10,594,11
0.5,0.1,5,0.9,10,10,594,11
0.2,0.5,5,0.9,10,10,594,11
0.5,0.5,5,0.9,10,10,594,11
0.2,0.9,5,0.9,10,10,594,11
0.5,0.9,5,0.9,10,10,594,11
0.2,0.1,1,0.3,10,20,594,11
0.5,0.1,1,0.3,10,20,594,11
0.2,0.5,1,0.3,10,20,594,11
0.5,0.5,1,0.3,10,20,594,11
0.2,0.9,1,0.3,10,20,594,11
0.5,0.9,1,0.3,10,20,594,11
0.2,0.1,5,0.3,10,20,594,11
0.5,0.1,5,0.3,10,20,594,11
0.2,0.5,5,0.3,10,20,594,11
0.5,0.5,5,0.3,10,20,594,11
0.2,0.9,5,0.3,10,20,594,11
0.5,0.9,5,0.3,10,20,594,11
0.2,0.1,1,0.9,10,20,594,11
0.5,0.1,1,0.9,10,20,594,11
0.2,0.5,1,0.9,10,20,594,11
0.5,0.5,1,0.9,10,20,594,11
0.2,0.9,1,0.9,10,20,594,11
0.5,0.9,1,0.9,10,20,594,11
0.2,0.1,5,0.9,10,20,594,11
0.5,0.1,5,0.9,10,20,594,11
0.2,0.5,5,0.9,10,20,594,11
0.5,0.5,5,0.9,10,20,594,11
0.2,0.9,5,0.9,10,20,594,11
0.5,0.9,5,0.9,10,20,594,11
0.2,0.1,1,0.3,10,10,594,12
0.5,0.1,1,0.3,10,10,594,12
0.2,0.5,1,0.3,10,10,594,12
0.5,0.5,1,0.3,10,10,594,12
0.2,0.9,1,0.3,10,10,594,12
0.5,0.9,1,0.3,10,10,594,12
0.2,0.1,5,0.3,10,10,594,12
0.5,0.1,5,0.3,10,10,594,12
0.2,0.5,5,0.3,10,10,594,12
0.5,0.5,5,0.3,10,10,594,12
0.2,0.9,5,0.3,10,10,594,12
0.5,0.9,5,0.3,10,10,594,12
0.2,0.1,1,0.9,10,10,594,12
0.5,0.1,1,0.9,10,10,594,12
0.2,0.5,1,0.9,10,10,594,12
0.5,0.5,1,0.9,10,10,594,12
0.2,0.9,1,0.9,10,10,594,12
0.5,0.9,1,0.9,10,10,594,12
0.2,0.1,5,0.9,10,10,594,12
0.5,0.1,5,0.9,10,10,594,12
0.2,0.5,5,0.9,10,10,594,12
0.5,0.5,5,0.9,10,10,594,12
0.2,0.9,5,0.9,10,10,594,12
0.5,0.9,5,0.9,10,10,594,12
0.2,0.1,1,0.3,10,20,594,12
0.5,0.1,1,0.3,10,20,594,12
0.2,0.5,1,0.3,10,20,594,12
0.5,0.5,1,0.3,10,20,594,12
0.2,0.9,1,0.3,10,20,594,12
0.5,0.9,1,0.3,10,20,594,12
0.2,0.1,5,0.3,10,20,594,12
0.5,0.1,5,0.3,10,20,594,12
0.2,0.5,5,0.3,10,20,594,12
0.5,0.5,5,0.3,10,20,594,12
0.2,0.9,5,0.3,10,20,594,12
0.5,0.9,5,0.3,10,20,594,12
0.2,0.1,1,0.9,10,20,594,12
0.5,0.1,1,0.9,10,20,594,12
0.2,0.5,1,0.9,10,20,594,12
0.5,0.5,1,0.9,10,20,594,12
0.2,0.9,1,0.9,10,20,594,12
0.5,0.9,1,0.9,10,20,594,12
0.2,0.1,5,0.9,10,20,594,12
0.5,0.1,5,0.9,10,20,594,12
0.2,0.5,5,0.9,10,20,594,12
0.5,0.5,5,0.9,10,20,594,12
0.2,0.9,5,0.9,10,20,594,12
0.5,0.9,5,0.9,10,20,594,12
0.2,0.1,1,0.3,10,10,594,13
0.5,0.1,1,0.3,10,10,594,13
0.2,0.5,1,0.3,10,10,594,13
0.5,0.5,1,0.3,10,10,594,13
0.2,0.9,1,0.3,10,10,594,13
0.5,0.9,1,0.3,10,10,594,13
0.2,0.1,5,0.3,10,10,594,13
0.5,0.1,5,0.3,10,10,594,13
0.2,0.5,5,0.3,10,10,594,13
0.5,0.5,5,0.3,10,10,594,13
0.2,0.9,5,0.3,10,10,594,13
0.5,0.9,5,0.3,10,10,594,13
0.2,0.1,1,0.9,10,10,594,13
0.5,0.1,1,0.9,10,10,594,13
0.2,0.5,1,0.9,10,10,594,13
0.5,0.5,1,0.9,10,10,594,13
0.2,0.9,1,0.9,10,10,594,13
0.5,0.9,1,0.9,10,10,594,13
0.2,0.1,5,0.9,10,10,594,13
0.5,0.1,5,0.9,10,10,594,13
0.2,0.5,5,0.9,10,10,594,13
0.5,0.5,5,0.9,10,10,594,13
0.2,0.9,5,0.9,10,10,594,13
0.5,0.9,5,0.9,10,10,594,13
0.2,0.1,1,0.3,10,20,594,13
0.5,0.1,1,0.3,10,20,594,13
0.2,0.5,1,0.3,10,20,594,13
0.5,0.5,1,0.3,10,20,594,13
0.2,0.9,1,0.3,10,20,594,13
0.5,0.9,1,0.3,10,20,594,13
0.2,0.1,5,0.3,10,20,594,13
0.5,0.1,5,0.3,10,20,594,13
0.2,0.5,5,0.3,10,20,594,13
0.5,0.5,5,0.3,10,20,594,13
0.2,0.9,5,0.3,10,20,594,13
0.5,0.9,5,0.3,10,20,594,13
0.2,0.1,1,0.9,10,20,594,13
0.5,0.1,1,0.9,10,20,594,13
0.2,0.5,1,0.9,10,20,594,13
0.5,0.5,1,0.9,10,20,594,13
0.2,0.9,1,0.9,10,20,594,13
0.5,0.9,1,0.9,10,20,594,13
0.2,0.1,5,0.9,10,20,594,13
0.5,0.1,5,0.9,10,20,594,13
0.2,0.5,5,0.9,10,20,594,13
0.5,0.5,5,0.9,10,20,594,13
0.2,0.9,5,0.9,10,20,594,13
0.5,0.9,5,0.9,10,20,594,13
0.2,0.1,1,0.3,10,10,594,14
0.5,0.1,1,0.3,10,10,594,14
0.2,0.5,1,0.3,10,10,594,14
0.5,0.5,1,0.3,10,10,594,14
0.2,0.9,1,0.3,10,10,594,14
0.5,0.9,1,0.3,10,10,594,14
0.2,0.1,5,0.3,10,10,594,14
0.5,0.1,5,0.3,10,10,594,14
0.2,0.5,5,0.3,10,10,594,14
0.5,0.5,5,0.3,10,10,594,14
0.2,0.9,5,0.3,10,10,594,14
0.5,0.9,5,0.3,10,10,594,14
0.2,0.1,1,0.9,10,10,594,14
0.5,0.1,1,0.9,10,10,594,14
0.2,0.5,1,0.9,10,10,594,14
0.5,0.5,1,0.9,10,10,594,14
0.2,0.9,1,0.9,10,10,594,14
0.5,0.9,1,0.9,10,10,594,14
0.2,0.1,5,0.9,10,10,594,14
0.5,0.1,5,0.9,10,10,594,14
0.2,0.5,5,0.9,10,10,594,14
0.5,0.5,5,0.9,10,10,594,14
0.2,0.9,5,0.9,10,10,594,14
0.5,0.9,5,0.9,10,10,594,14
0.2,0.1,1,0.3,10,20,594,14
0.5,0.1,1,0.3,10,20,594,14
0.2,0.5,1,0.3,10,20,594,14
0.5,0.5,1,0.3,10,20,594,14
0.2,0.9,1,0.3,10,20,594,14
0.5,0.9,1,0.3,10,20,594,14
0.2,0.1,5,0.3,10,20,594,14
0.5,0.1,5,0.3,10,20,594,14
0.2,0.5,5,0.3,10,20,594,14
0.5,0.5,5,0.3,10,20,594,14
0.2,0.9,5,0.3,10,20,594,14
0.5,0.9,5,0.3,10,20,594,14
0.2,0.1,1,0.9,10,20,594,14
0.5,0.1,1,0.9,10,20,594,14
0.2,0.5,1,0.9,10,20,594,14
0.5,0.5,1,0.9,10,20,594,14
0.2,0.9,1,0.9,10,20,594,14
0.5,0.9,1,0.9,10,20,594,14
0.2,0.1,5,0.9,10,20,594,14
0.5,0.1,5,0.9,10,20,594,14
0.2,0.5,5,0.9,10,20,594,14
0.5,0.5,5,0.9,10,20,594,14
0.2,0.9,5,0.9,10,20,594,14
0.5,0.9,5,0.9,10,20,594,14
0.2,0.1,1,0.3,10,10,594,15
0.5,0.1,1,0.3,10,10,594,15
0.2,0.5,1,0.3,10,10,594,15
0.5,0.5,1,0.3,10,10,594,15
0.2,0.9,1,0.3,10,10,594,15
0.5,0.9,1,0.3,10,10,594,15
0.2,0.1,5,0.3,10,10,594,15
0.5,0.1,5,0.3,10,10,594,15
0.2,0.5,5,0.3,10,10,594,15
0.5,0.5,5,0.3,10,10,594,15
0.2,0.9,5,0.3,10,10,594,15
0.5,0.9,5,0.3,10,10,594,15
0.2,0.1,1,0.9,10,10,594,15
0.5,0.1,1,0.9,10,10,594,15
0.2,0.5,1,0.9,10,10,594,15
0.5,0.5,1,0.9,10,10,594,15
0.2,0.9,1,0.9,10,10,594,15
0.5,0.9,1,0.9,10,10,594,15
0.2,0.1,5,0.9,10,10,594,15
0.5,0.1,5,0.9,10,10,594,15
0.2,0.5,5,0.9,10,10,594,15
0.5,0.5,5,0.9,10,10,594,15
0.2,0.9,5,0.9,10,10,594,15
0.5,0.9,5,0.9,10,10,594,15
0.2,0.1,1,0.3,10,20,594,15
0.5,0.1,1,0.3,10,20,594,15
0.2,0.5,1,0.3,10,20,594,15
0.5,0.5,1,0.3,10,20,594,15
0.2,0.9,1,0.3,10,20,594,15
0.5,0.9,1,0.3,10,20,594,15
0.2,0.1,5,0.3,10,20,594,15
0.5,0.1,5,0.3,10,20,594,15
0.2,0.5,5,0.3,10,20,594,15
0.5,0.5,5,0.3,10,20,594,15
0.2,0.9,5,0.3,10,20,594,15
0.5,0.9,5,0.3,10,20,594,15
0.2,0.1,1,0.9,10,20,594,15
0.5,0.1,1,0.9,10,20,594,15
0.2,0.5,1,0.9,10,20,594,15
0.5,0.5,1,0.9,10,20,594,15
0.2,0.9,1,0.9,10,20,594,15
0.5,0.9,1,0.9,10,20,594,15
0.2,0.1,5,0.9,10,20,594,15
0.5,0.1,5,0.9,10,20,594,15
0.2,0.5,5,0.9,10,20,594,15
0.5,0.5,5,0.9,10,20,594,15
0.2,0.9,5,0.9,10,20,594,15
0.5,0.9,5,0.9,10,20,594,15
0.2,0.1,1,0.3,10,10,594,16
0.5,0.1,1,0.3,10,10,594,16
0.2,0.5,1,0.3,10,10,594,16
0.5,0.5,1,0.3,10,10,594,16
0.2,0.9,1,0.3,10,10,594,16
0.5,0.9,1,0.3,10,10,594,16
0.2,0.1,5,0.3,10,10,594,16
0.5,0.1,5,0.3,10,10,594,16
0.2,0.5,5,0.3,10,10,594,16
0.5,0.5,5,0.3,10,10,594,16
0.2,0.9,5,0.3,10,10,594,16
0.5,0.9,5,0.3,10,10,594,16
0.2,0.1,1,0.9,10,10,594,16
0.5,0.1,1,0.9,10,10,594,16
0.2,0.5,1,0.9,10,10,594,16
0.5,0.5,1,0.9,10,10,594,16
0.2,0.9,1,0.9,10,10,594,16
0.5,0.9,1,0.9,10,10,594,16
0.2,0.1,5,0.9,10,10,594,16
0.5,0.1,5,0.9,10,10,594,16
0.2,0.5,5,0.9,10,10,594,16
0.5,0.5,5,0.9,10,10,594,16
0.2,0.9,5,0.9,10,10,594,16
0.5,0.9,5,0.9,10,10,594,16
0.2,0.1,1,0.3,10,20,594,16
0.5,0.1,1,0.3,10,20,594,16
0.2,0.5,1,0.3,10,20,594,16
0.5,0.5,1,0.3,10,20,594,16
0.2,0.9,1,0.3,10,20,594,16
0.5,0.9,1,0.3,10,20,594,16
0.2,0.1,5,0.3,10,20,594,16
0.5,0.1,5,0.3,10,20,594,16
0.2,0.5,5,0.3,10,20,594,16
0.5,0.5,5,0.3,10,20,594,16
0.2,0.9,5,0.3,10,20,594,16
0.5,0.9,5,0.3,10,20,594,16
0.2,0.1,1,0.9,10,20,594,16
0.5,0.1,1,0.9,10,20,594,16
0.2,0.5,1,0.9,10,20,594,16
0.5,0.5,1,0.9,10,20,594,16
0.2,0.9,1,0.9,10,20,594,16
0.5,0.9,1,0.9,10,20,594,16
0.2,0.1,5,0.9,10,20,594,16
0.5,0.1,5,0.9,10,20,594,16
0.2,0.5,5,0.9,10,20,594,16
0.5,0.5,5,0.9,10,20,594,16
0.2,0.9,5,0.9,10,20,594,16
0.5,0.9,5,0.9,10,20,594,16
0.2,0.1,1,0.3,10,10,594,17
0.5,0.1,1,0.3,10,10,594,17
0.2,0.5,1,0.3,10,10,594,17
0.5,0.5,1,0.3,10,10,594,17
0.2,0.9,1,0.3,10,10,594,17
0.5,0.9,1,0.3,10,10,594,17
0.2,0.1,5,0.3,10,10,594,17
0.5,0.1,5,0.3,10,10,594,17
0.2,0.5,5,0.3,10,10,594,17
0.5,0.5,5,0.3,10,10,594,17
0.2,0.9,5,0.3,10,10,594,17
0.5,0.9,5,0.3,10,10,594,17
0.2,0.1,1,0.9,10,10,594,17
0.5,0.1,1,0.9,10,10,594,17
0.2,0.5,1,0.9,10,10,594,17
0.5,0.5,1,0.9,10,10,594,17
0.2,0.9,1,0.9,10,10,594,17
0.5,0.9,1,0.9,10,10,594,17
0.2,0.1,5,0.9,10,10,594,17
0.5,0.1,5,0.9,10,10,594,17
0.2,0.5,5,0.9,10,10,594,17
0.5,0.5,5,0.9,10,10,594,17
0.2,0.9,5,0.9,10,10,594,17
0.5,0.9,5,0.9,10,10,594,17
0.2,0.1,1,0.3,10,20,594,17
0.5,0.1,1,0.3,10,20,594,17
0.2,0.5,1,0.3,10,20,594,17
0.5,0.5,1,0.3,10,20,594,17
0.2,0.9,1,0.3,10,20,594,17
0.5,0.9,1,0.3,10,20,594,17
0.2,0.1,5,0.3,10,20,594,17
0.5,0.1,5,0.3,10,20,594,17
0.2,0.5,5,0.3,10,20,594,17
0.5,0.5,5,0.3,10,20,594,17
0.2,0.9,5,0.3,10,20,594,17
0.5,0.9,5,0.3,10,20,594,17
0.2,0.1,1,0.9,10,20,594,17
0.5,0.1,1,0.9,10,20,594,17
0.2,0.5,1,0.9,10,20,594,17
0.5,0.5,1,0.9,10,20,594,17
0.2,0.9,1,0.9,10,20,594,17
0.5,0.9,1,0.9,10,20,594,17
0.2,0.1,5,0.9,10,20,594,17
0.5,0.1,5,0.9,10,20,594,17
0.2,0.5,5,0.9,10,20,594,17
0.5,0.5,5,0.9,10,20,594,17
0.2,0.9,5,0.9,10,20,594,17
0.5,0.9,5,0.9,10,20,594,17
0.2,0.1,1,0.3,10,10,594,18
0.5,0.1,1,0.3,10,10,594,18
0.2,0.5,1,0.3,10,10,594,18
0.5,0.5,1,0.3,10,10,594,18
0.2,0.9,1,0.3,10,10,594,18
0.5,0.9,1,0.3,10,10,594,18
0.2,0.1,5,0.3,10,10,594,18
0.5,0.1,5,0.3,10,10,594,18
0.2,0.5,5,0.3,10,10,594,18
0.5,0.5,5,0.3,10,10,594,18
0.2,0.9,5,0.3,10,10,594,18
0.5,0.9,5,0.3,10,10,594,18
0.2,0.1,1,0.9,10,10,594,18
0.5,0.1,1,0.9,10,10,594,18
0.2,0.5,1,0.9,10,10,594,18
0.5,0.5,1,0.9,10,10,594,18
0.2,0.9,1,0.9,10,10,594,18
0.5,0.9,1,0.9,10,10,594,18
0.2,0.1,5,0.9,10,10,594,18
0.5,0.1,5,0.9,10,10,594,18
0.2,0.5,5,0.9,10,10,594,18
0.5,0.5,5,0.9,10,10,594,18
0.2,0.9,5,0.9,10,10,594,18
0.5,0.9,5,0.9,10,10,594,18
0.2,0.1,1,0.3,10,20,594,18
0.5,0.1,1,0.3,10,20,594,18
0.2,0.5,1,0.3,10,20,594,18
0.5,0.5,1,0.3,10,20,594,18
0.2,0.9,1,0.3,10,20,594,18
0.5,0.9,1,0.3,10,20,594,18
0.2,0.1,5,0.3,10,20,594,18
0.5,0.1,5,0.3,10,20,594,18
0.2,0.5,5,0.3,10,20,594,18
0.5,0.5,5,0.3,10,20,594,18
0.2,0.9,5,0.3,10,20,594,18
0.5,0.9,5,0.3,10,20,594,18
0.2,0.1,1,0.9,10,20,594,18
0.5,0.1,1,0.9,10,20,594,18
0.2,0.5,1,0.9,10,20,594,18
0.5,0.5,1,0.9,10,20,594,18
0.2,0.9,1,0.9,10,20,594,18
0.5,0.9,1,0.9,10,20,594,18
0.2,0.1,5,0.9,10,20,594,18
0.5,0.1,5,0.9,10,20,594,18
0.2,0.5,5,0.9,10,20,594,18
0.5,0.5,5,0.9,10,20,594,18
0.2,0.9,5,0.9,10,20,594,18
0.5,0.9,5,0.9,10,20,594,18
0.2,0.1,1,0.3,10,10,594,19
0.5,0.1,1,0.3,10,10,594,19
0.2,0.5,1,0.3,10,10,594,19
0.5,0.5,1,0.3,10,10,594,19
0.2,0.9,1,0.3,10,10,594,19
0.5,0.9,1,0.3,10,10,594,19
0.2,0.1,5,0.3,10,10,594,19
0.5,0.1,5,0.3,10,10,594,19
0.2,0.5,5,0.3,10,10,594,19
0.5,0.5,5,0.3,10,10,594,19
0.2,0.9,5,0.3,10,10,594,19
0.5,0.9,5,0.3,10,10,594,19
0.2,0.1,1,0.9,10,10,594,19
0.5,0.1,1,0.9,10,10,594,19
0.2,0.5,1,0.9,10,10,594,19
0.5,0.5,1,0.9,10,10,594,19
0.2,0.9,1,0.9,10,10,594,19
0.5,0.9,1,0.9,10,10,594,19
0.2,0.1,5,0.9,10,10,594,19
0.5,0.1,5,0.9,10,10,594,19
0.2,0.5,5,0.9,10,10,594,19
0.5,0.5,5,0.9,10,10,594,19
0.2,0.9,5,0.9,10,10,594,19
0.5,0.9,5,0.9,10,10,594,19
0.2,0.1,1,0.3,10,20,594,19
0.5,0.1,1,0.3,10,20,594,19
0.2,0.5,1,0.3,10,20,594,19
0.5,0.5,1,0.3,10,20,594,19
0.2,0.9,1,0.3,10,20,594,19
0.5,0.9,1,0.3,10,20,594,19
0.2,0.1,5,0.3,10,20,594,19
0.5,0.1,5,0.3,10,20,594,19
0.2,0.5,5,0.3,10,20,594,19
0.5,0.5,5,0.3,10,20,594,19
0.2,0.9,5,0.3,10,20,594,19
0.5,0.9,5,0.3,10,20,594,19
0.2,0.1,1,0.9,10,20,594,19
0.5,0.1,1,0.9,10,20,594,19
0.2,0.5,1,0.9,10,20,594,19
0.5,0.5,1,0.9,10,20,594,19
0.2,0.9,1,0.9,10,20,594,19
0.5,0.9,1,0.9,10,20,594,19
0.2,0.1,5,0.9,10,20,594,19
0.5,0.1,5,0.9,10,20,594,19
0.2,0.5,5,0.9,10,20,594,19
0.5,0.5,5,0.9,10,20,594,19
0.2,0.9,5,0.9,10,20,594,19
0.5,0.9,5,0.9,10,20,594,19
0.2,0.1,1,0.3,10,10,594,20
0.5,0.1,1,0.3,10,10,594,20
0.2,0.5,1,0.3,10,10,594,20
0.5,0.5,1,0.3,10,10,594,20
0.2,0.9,1,0.3,10,10,594,20
0.5,0.9,1,0.3,10,10,594,20
0.2,0.1,5,0.3,10,10,594,20
0.5,0.1,5,0.3,10,10,594,20
0.2,0.5,5,0.3,10,10,594,20
0.5,0.5,5,0.3,10,10,594,20
0.2,0.9,5,0.3,10,10,594,20
0.5,0.9,5,0.3,10,10,594,20
0.2,0.1,1,0.9,10,10,594,20
0.5,0.1,1,0.9,10,10,594,20
0.2,0.5,1,0.9,10,10,594,20
0.5,0.5,1,0.9,10,10,594,20
0.2,0.9,1,0.9,10,10,594,20
0.5,0.9,1,0.9,10,10,594,20
0.2,0.1,5,0.9,10,10,594,20
0.5,0.1,5,0.9,10,10,594,20
0.2,0.5,5,0.9,10,10,594,20
0.5,0.5,5,0.9,10,10,594,20
0.2,0.9,5,0.9,10,10,594,20
0.5,0.9,5,0.9,10,10,594,20
0.2,0.1,1,0.3,10,20,594,20
0.5,0.1,1,0.3,10,20,594,20
0.2,0.5,1,0.3,10,20,594,20
0.5,0.5,1,0.3,10,20,594,20
0.2,0.9,1,0.3,10,20,594,20
0.5,0.9,1,0.3,10,20,594,20
0.2,0.1,5,0.3,10,20,594,20
0.5,0.1,5,0.3,10,20,594,20
0.2,0.5,5,0.3,10,20,594,20
0.5,0.5,5,0.3,10,20,594,20
0.2,0.9,5,0.3,10,20,594,20
0.5,0.9,5,0.3,10,20,594,20
0.2,0.1,1,0.9,10,20,594,20
0.5,0.1,1,0.9,10,20,594,20
0.2,0.5,1,0.9,10,20,594,20
0.5,0.5,1,0.9,10,20,594,20
0.2,0.9,1,0.9,10,20,594,20
0.5,0.9,1,0.9,10,20,594,20
0.2,0.1,5,0.9,10,20,594,20
0.5,0.1,5,0.9,10,20,594,20
0.2,0.5,5,0.9,10,20,594,20
0.5,0.5,5,0.9,10,20,594,20
0.2,0.9,5,0.9,10,20,594,20
0.5,0.9,5,0.9,10,20,594,20
0.2,0.1,1,0.3,10,10,594,21
0.5,0.1,1,0.3,10,10,594,21
0.2,0.5,1,0.3,10,10,594,21
0.5,0.5,1,0.3,10,10,594,21
0.2,0.9,1,0.3,10,10,594,21
0.5,0.9,1,0.3,10,10,594,21
0.2,0.1,5,0.3,10,10,594,21
0.5,0.1,5,0.3,10,10,594,21
0.2,0.5,5,0.3,10,10,594,21
0.5,0.5,5,0.3,10,10,594,21
0.2,0.9,5,0.3,10,10,594,21
0.5,0.9,5,0.3,10,10,594,21
0.2,0.1,1,0.9,10,10,594,21
0.5,0.1,1,0.9,10,10,594,21
0.2,0.5,1,0.9,10,10,594,21
0.5,0.5,1,0.9,10,10,594,21
0.2,0.9,1,0.9,10,10,594,21
0.5,0.9,1,0.9,10,10,594,21
0.2,0.1,5,0.9,10,10,594,21
0.5,0.1,5,0.9,10,10,594,21
0.2,0.5,5,0.9,10,10,594,21
0.5,0.5,5,0.9,10,10,594,21
0.2,0.9,5,0.9,10,10,594,21
0.5,0.9,5,0.9,10,10,594,21
0.2,0.1,1,0.3,10,20,594,21
0.5,0.1,1,0.3,10,20,594,21
0.2,0.5,1,0.3,10,20,594,21
0.5,0.5,1,0.3,10,20,594,21
0.2,0.9,1,0.3,10,20,594,21
0.5,0.9,1,0.3,10,20,594,21
0.2,0.1,5,0.3,10,20,594,21
0.5,0.1,5,0.3,10,20,594,21
0.2,0.5,5,0.3,10,20,594,21
0.5,0.5,5,0.3,10,20,594,21
0.2,0.9,5,0.3,10,20,594,21
0.5,0.9,5,0.3,10,20,594,21
0.2,0.1,1,0.9,10,20,594,21
0.5,0.1,1,0.9,10,20,594,21
0.2,0.5,1,0.9,10,20,594,21
0.5,0.5,1,0.9,10,20,594,21
0.2,0.9,1,0.9,10,20,594,21
0.5,0.9,1,0.9,10,20,594,21
0.2,0.1,5,0.9,10,20,594,21
0.5,0.1,5,0.9,10,20,594,21
0.2,0.5,5,0.9,10,20,594,21
0.5,0.5,5,0.9,10,20,594,21
0.2,0.9,5,0.9,10,20,594,21
0.5,0.9,5,0.9,10,20,594,21
0.2,0.1,1,0.3,10,10,594,22
0.5,0.1,1,0.3,10,10,594,22
0.2,0.5,1,0.3,10,10,594,22
0.5,0.5,1,0.3,10,10,594,22
0.2,0.9,1,0.3,10,10,594,22
0.5,0.9,1,0.3,10,10,594,22
0.2,0.1,5,0.3,10,10,594,22
0.5,0.1,5,0.3,10,10,594,22
0.2,0.5,5,0.3,10,10,594,22
0.5,0.5,5,0.3,10,10,594,22
0.2,0.9,5,0.3,10,10,594,22
0.5,0.9,5,0.3,10,10,594,22
0.2,0.1,1,0.9,10,10,594,22
0.5,0.1,1,0.9,10,10,594,22
0.2,0.5,1,0.9,10,10,594,22
0.5,0.5,1,0.9,10,10,594,22
0.2,0.9,1,0.9,10,10,594,22
0.5,0.9,1,0.9,10,10,594,22
0.2,0.1,5,0.9,10,10,594,22
0.5,0.1,5,0.9,10,10,594,22
0.2,0.5,5,0.9,10,10,594,22
0.5,0.5,5,0.9,10,10,594,22
0.2,0.9,5,0.9,10,10,594,22
0.5,0.9,5,0.9,10,10,594,22
0.2,0.1,1,0.3,10,20,594,22
0.5,0.1,1,0.3,10,20,594,22
0.2,0.5,1,0.3,10,20,594,22
0.5,0.5,1,0.3,10,20,594,22
0.2,0.9,1,0.3,10,20,594,22
0.5,0.9,1,0.3,10,20,594,22
0.2,0.1,5,0.3,10,20,594,22
0.5,0.1,5,0.3,10,20,594,22
0.2,0.5,5,0.3,10,20,594,22
0.5,0.5,5,0.3,10,20,594,22
0.2,0.9,5,0.3,10,20,594,22
0.5,0.9,5,0.3,10,20,594,22
0.2,0.1,1,0.9,10,20,594,22
0.5,0.1,1,0.9,10,20,594,22
0.2,0.5,1,0.9,10,20,594,22
0.5,0.5,1,0.9,10,20,594,22
0.2,0.9,1,0.9,10,20,594,22
0.5,0.9,1,0.9,10,20,594,22
0.2,0.1,5,0.9,10,20,594,22
0.5,0.1,5,0.9,10,20,594,22
0.2,0.5,5,0.9,10,20,594,22
0.5,0.5,5,0.9,10,20,594,22
0.2,0.9,5,0.9,10,20,594,22
0.5,0.9,5,0.9,10,20,594,22
0.2,0.1,1,0.3,10,10,594,23
0.5,0.1,1,0.3,10,10,594,23
0.2,0.5,1,0.3,10,10,594,23
0.5,0.5,1,0.3,10,10,594,23
0.2,0.9,1,0.3,10,10,594,23
0.5,0.9,1,0.3,10,10,594,23
0.2,0.1,5,0.3,10,10,594,23
0.5,0.1,5,0.3,10,10,594,23
0.2,0.5,5,0.3,10,10,594,23
0.5,0.5,5,0.3,10,10,594,23
0.2,0.9,5,0.3,10,10,594,23
0.5,0.9,5,0.3,10,10,594,23
0.2,0.1,1,0.9,10,10,594,23
0.5,0.1,1,0.9,10,10,594,23
0.2,0.5,1,0.9,10,10,594,23
0.5,0.5,1,0.9,10,10,594,23
0.2,0.9,1,0.9,10,10,594,23
0.5,0.9,1,0.9,10,10,594,23
0.2,0.1,5,0.9,10,10,594,23
0.5,0.1,5,0.9,10,10,594,23
0.2,0.5,5,0.9,10,10,594,23
0.5,0.5,5,0.9,10,10,594,23
0.2,0.9,5,0.9,10,10,594,23
0.5,0.9,5,0.9,10,10,594,23
0.2,0.1,1,0.3,10,20,594,23
0.5,0.1,1,0.3,10,20,594,23
0.2,0.5,1,0.3,10,20,594,23
0.5,0.5,1,0.3,10,20,594,23
0.2,0.9,1,0.3,10,20,594,23
0.5,0.9,1,0.3,10,20,594,23
0.2,0.1,5,0.3,10,20,594,23
0.5,0.1,5,0.3,10,20,594,23
0.2,0.5,5,0.3,10,20,594,23
0.5,0.5,5,0.3,10,20,594,23
0.2,0.9,5,0.3,10,20,594,23
0.5,0.9,5,0.3,10,20,594,23
0.2,0.1,1,0.9,10,20,594,23
0.5,0.1,1,0.9,10,20,594,23
0.2,0.5,1,0.9,10,20,594,23
0.5,0.5,1,0.9,10,20,594,23
0.2,0.9,1,0.9,10,20,594,23
0.5,0.9,1,0.9,10,20,594,23
0.2,0.1,5,0.9,10,20,594,23
0.5,0.1,5,0.9,10,20,594,23
0.2,0.5,5,0.9,10,20,594,23
0.5,0.5,5,0.9,10,20,594,23
0.2,0.9,5,0.9,10,20,594,23
0.5,0.9,5,0.9,10,20,594,23
0.2,0.1,1,0.3,10,10,594,24
0.5,0.1,1,0.3,10,10,594,24
0.2,0.5,1,0.3,10,10,594,24
0.5,0.5,1,0.3,10,10,594,24
0.2,0.9,1,0.3,10,10,594,24
0.5,0.9,1,0.3,10,10,594,24
0.2,0.1,5,0.3,10,10,594,24
0.5,0.1,5,0.3,10,10,594,24
0.2,0.5,5,0.3,10,10,594,24
0.5,0.5,5,0.3,10,10,594,24
0.2,0.9,5,0.3,10,10,594,24
0.5,0.9,5,0.3,10,10,594,24
0.2,0.1,1,0.9,10,10,594,24
0.5,0.1,1,0.9,10,10,594,24
0.2,0.5,1,0.9,10,10,594,24
0.5,0.5,1,0.9,10,10,594,24
0.2,0.9,1,0.9,10,10,594,24
0.5,0.9,1,0.9,10,10,594,24
0.2,0.1,5,0.9,10,10,594,24
0.5,0.1,5,0.9,10,10,594,24
0.2,0.5,5,0.9,10,10,594,24
0.5,0.5,5,0.9,10,10,594,24
0.2,0.9,5,0.9,10,10,594,24
0.5,0.9,5,0.9,10,10,594,24
0.2,0.1,1,0.3,10,20,594,24
0.5,0.1,1,0.3,10,20,594,24
0.2,0.5,1,0.3,10,20,594,24
0.5,0.5,1,0.3,10,20,594,24
0.2,0.9,1,0.3,10,20,594,24
0.5,0.9,1,0.3,10,20,594,24
0.2,0.1,5,0.3,10,20,594,24
0.5,0.1,5,0.3,10,20,594,24
0.2,0.5,5,0.3,10,20,594,24
0.5,0.5,5,0.3,10,20,594,24
0.2,0.9,5,0.3,10,20,594,24
0.5,0.9,5,0.3,10,20,594,24
0.2,0.1,1,0.9,10,20,594,24
0.5,0.1,1,0.9,10,20,594,24
0.2,0.5,1,0.9,10,20,594,24
0.5,0.5,1,0.9,10,20,594,24
0.2,0.9,1,0.9,10,20,594,24
0.5,0.9,1,0.9,10,20,594,24
0.2,0.1,5,0.9,10,20,594,24
0.5,0.1,5,0.9,10,20,594,24
0.2,0.5,5,0.9,10,20,594,24
0.5,0.5,5,0.9,10,20,594,24
0.2,0.9,5,0.9,10,20,594,24
0.5,0.9,5,0.9,10,20,594,24
0.2,0.1,1,0.3,10,10,594,25
0.5,0.1,1,0.3,10,10,594,25
0.2,0.5,1,0.3,10,10,594,25
0.5,0.5,1,0.3,10,10,594,25
0.2,0.9,1,0.3,10,10,594,25
0.5,0.9,1,0.3,10,10,594,25
0.2,0.1,5,0.3,10,10,594,25
0.5,0.1,5,0.3,10,10,594,25
0.2,0.5,5,0.3,10,10,594,25
0.5,0.5,5,0.3,10,10,594,25
0.2,0.9,5,0.3,10,10,594,25
0.5,0.9,5,0.3,10,10,594,25
0.2,0.1,1,0.9,10,10,594,25
0.5,0.1,1,0.9,10,10,594,25
0.2,0.5,1,0.9,10,10,594,25
0.5,0.5,1,0.9,10,10,594,25
0.2,0.9,1,0.9,10,10,594,25
0.5,0.9,1,0.9,10,10,594,25
0.2,0.1,5,0.9,10,10,594,25
0.5,0.1,5,0.9,10,10,594,25
0.2,0.5,5,0.9,10,10,594,25
0.5,0.5,5,0.9,10,10,594,25
0.2,0.9,5,0.9,10,10,594,25
0.5,0.9,5,0.9,10,10,594,25
0.2,0.1,1,0.3,10,20,594,25
0.5,0.1,1,0.3,10,20,594,25
0.2,0.5,1,0.3,10,20,594,25
0.5,0.5,1,0.3,10,20,594,25
0.2,0.9,1,0.3,10,20,594,25
0.5,0.9,1,0.3,10,20,594,25
0.2,0.1,5,0.3,10,20,594,25
0.5,0.1,5,0.3,10,20,594,25
0.2,0.5,5,0.3,10,20,594,25
0.5,0.5,5,0.3,10,20,594,25
0.2,0.9,5,0.3,10,20,594,25
0.5,0.9,5,0.3,10,20,594,25
0.2,0.1,1,0.9,10,20,594,25
0.5,0.1,1,0.9,10,20,594,25
0.2,0.5,1,0.9,10,20,594,25
0.5,0.5,1,0.9,10,20,594,25
0.2,0.9,1,0.9,10,20,594,25
0.5,0.9,1,0.9,10,20,594,25
0.2,0.1,5,0.9,10,20,594,25
0.5,0.1,5,0.9,10,20,594,25
0.2,0.5,5,0.9,10,20,594,25
0.5,0.5,5,0.9,10,20,594,25
0.2,0.9,5,0.9,10,20,594,25
0.5,0.9,5,0.9,10,20,594,25
0.2,0.1,1,0.3,10,10,594,26
0.5,0.1,1,0.3,10,10,594,26
0.2,0.5,1,0.3,10,10,594,26
0.5,0.5,1,0.3,10,10,594,26
0.2,0.9,1,0.3,10,10,594,26
0.5,0.9,1,0.3,10,10,594,26
0.2,0.1,5,0.3,10,10,594,26
0.5,0.1,5,0.3,10,10,594,26
0.2,0.5,5,0.3,10,10,594,26
0.5,0.5,5,0.3,10,10,594,26
0.2,0.9,5,0.3,10,10,594,26
0.5,0.9,5,0.3,10,10,594,26
0.2,0.1,1,0.9,10,10,594,26
0.5,0.1,1,0.9,10,10,594,26
0.2,0.5,1,0.9,10,10,594,26
0.5,0.5,1,0.9,10,10,594,26
0.2,0.9,1,0.9,10,10,594,26
0.5,0.9,1,0.9,10,10,594,26
0.2,0.1,5,0.9,10,10,594,26
0.5,0.1,5,0.9,10,10,594,26
0.2,0.5,5,0.9,10,10,594,26
0.5,0.5,5,0.9,10,10,594,26
0.2,0.9,5,0.9,10,10,594,26
0.5,0.9,5,0.9,10,10,594,26
0.2,0.1,1,0.3,10,20,594,26
0.5,0.1,1,0.3,10,20,594,26
0.2,0.5,1,0.3,10,20,594,26
0.5,0.5,1,0.3,10,20,594,26
0.2,0.9,1,0.3,10,20,594,26
0.5,0.9,1,0.3,10,20,594,26
0.2,0.1,5,0.3,10,20,594,26
0.5,0.1,5,0.3,10,20,594,26
0.2,0.5,5,0.3,10,20,594,26
0.5,0.5,5,0.3,10,20,594,26
0.2,0.9,5,0.3,10,20,594,26
0.5,0.9,5,0.3,10,20,594,26
0.2,0.1,1,0.9,10,20,594,26
0.5,0.1,1,0.9,10,20,594,26
0.2,0.5,1,0.9,10,20,594,26
0.5,0.5,1,0.9,10,20,594,26
0.2,0.9,1,0.9,10,20,594,26
0.5,0.9,1,0.9,10,20,594,26
0.2,0.1,5,0.9,10,20,594,26
0.5,0.1,5,0.9,10,20,594,26
0.2,0.5,5,0.9,10,20,594,26
0.5,0.5,5,0.9,10,20,594,26
0.2,0.9,5,0.9,10,20,594,26
0.5,0.9,5,0.9,10,20,594,26
0.2,0.1,1,0.3,10,10,594,27
0.5,0.1,1,0.3,10,10,594,27
0.2,0.5,1,0.3,10,10,594,27
0.5,0.5,1,0.3,10,10,594,27
0.2,0.9,1,0.3,10,10,594,27
0.5,0.9,1,0.3,10,10,594,27
0.2,0.1,5,0.3,10,10,594,27
0.5,0.1,5,0.3,10,10,594,27
0.2,0.5,5,0.3,10,10,594,27
0.5,0.5,5,0.3,10,10,594,27
0.2,0.9,5,0.3,10,10,594,27
0.5,0.9,5,0.3,10,10,594,27
0.2,0.1,1,0.9,10,10,594,27
0.5,0.1,1,0.9,10,10,594,27
0.2,0.5,1,0.9,10,10,594,27
0.5,0.5,1,0.9,10,10,594,27
0.2,0.9,1,0.9,10,10,594,27
0.5,0.9,1,0.9,10,10,594,27
0.2,0.1,5,0.9,10,10,594,27
0.5,0.1,5,0.9,10,10,594,27
0.2,0.5,5,0.9,10,10,594,27
0.5,0.5,5,0.9,10,10,594,27
0.2,0.9,5,0.9,10,10,594,27
0.5,0.9,5,0.9,10,10,594,27
0.2,0.1,1,0.3,10,20,594,27
0.5,0.1,1,0.3,10,20,594,27
0.2,0.5,1,0.3,10,20,594,27
0.5,0.5,1,0.3,10,20,594,27
0.2,0.9,1,0.3,10,20,594,27
0.5,0.9,1,0.3,10,20,594,27
0.2,0.1,5,0.3,10,20,594,27
0.5,0.1,5,0.3,10,20,594,27
0.2,0.5,5,0.3,10,20,594,27
0.5,0.5,5,0.3,10,20,594,27
0.2,0.9,5,0.3,10,20,594,27
0.5,0.9,5,0.3,10,20,594,27
0.2,0.1,1,0.9,10,20,594,27
0.5,0.1,1,0.9,10,20,594,27
0.2,0.5,1,0.9,10,20,594,27
0.5,0.5,1,0.9,10,20,594,27
0.2,0.9,1,0.9,10,20,594,27
0.5,0.9,1,0.9,10,20,594,27
0.2,0.1,5,0.9,10,20,594,27
0.5,0.1,5,0.9,10,20,594,27
0.2,0.5,5,0.9,10,20,594,27
0.5,0.5,5,0.9,10,20,594,27
0.2,0.9,5,0.9,10,20,594,27
0.5,0.9,5,0.9,10,20,594,27
0.2,0.1,1,0.3,10,10,594,28
0.5,0.1,1,0.3,10,10,594,28
0.2,0.5,1,0.3,10,10,594,28
0.5,0.5,1,0.3,10,10,594,28
0.2,0.9,1,0.3,10,10,594,28
0.5,0.9,1,0.3,10,10,594,28
0.2,0.1,5,0.3,10,10,594,28
0.5,0.1,5,0.3,10,10,594,28
0.2,0.5,5,0.3,10,10,594,28
0.5,0.5,5,0.3,10,10,594,28
0.2,0.9,5,0.3,10,10,594,28
0.5,0.9,5,0.3,10,10,594,28
0.2,0.1,1,0.9,10,10,594,28
0.5,0.1,1,0.9,10,10,594,28
0.2,0.5,1,0.9,10,10,594,28
0.5,0.5,1,0.9,10,10,594,28
0.2,0.9,1,0.9,10,10,594,28
0.5,0.9,1,0.9,10,10,594,28
0.2,0.1,5,0.9,10,10,594,28
0.5,0.1,5,0.9,10,10,594,28
0.2,0.5,5,0.9,10,10,594,28
0.5,0.5,5,0.9,10,10,594,28
0.2,0.9,5,0.9,10,10,594,28
0.5,0.9,5,0.9,10,10,594,28
0.2,0.1,1,0.3,10,20,594,28
0.5,0.1,1,0.3,10,20,594,28
0.2,0.5,1,0.3,10,20,594,28
0.5,0.5,1,0.3,10,20,594,28
0.2,0.9,1,0.3,10,20,594,28
0.5,0.9,1,0.3,10,20,594,28
0.2,0.1,5,0.3,10,20,594,28
0.5,0.1,5,0.3,10,20,594,28
0.2,0.5,5,0.3,10,20,594,28
0.5,0.5,5,0.3,10,20,594,28
0.2,0.9,5,0.3,10,20,594,28
0.5,0.9,5,0.3,10,20,594,28
0.2,0.1,1,0.9,10,20,594,28
0.5,0.1,1,0.9,10,20,594,28
0.2,0.5,1,0.9,10,20,594,28
0.5,0.5,1,0.9,10,20,594,28
0.2,0.9,1,0.9,10,20,594,28
0.5,0.9,1,0.9,10,20,594,28
0.2,0.1,5,0.9,10,20,594,28
0.5,0.1,5,0.9,10,20,594,28
0.2,0.5,5,0.9,10,20,594,28
0.5,0.5,5,0.9,10,20,594,28
0.2,0.9,5,0.9,10,20,594,28
0.5,0.9,5,0.9,10,20,594,28
0.2,0.1,1,0.3,10,10,594,29
0.5,0.1,1,0.3,10,10,594,29
0.2,0.5,1,0.3,10,10,594,29
0.5,0.5,1,0.3,10,10,594,29
0.2,0.9,1,0.3,10,10,594,29
0.5,0.9,1,0.3,10,10,594,29
0.2,0.1,5,0.3,10,10,594,29
0.5,0.1,5,0.3,10,10,594,29
0.2,0.5,5,0.3,10,10,594,29
0.5,0.5,5,0.3,10,10,594,29
0.2,0.9,5,0.3,10,10,594,29
0.5,0.9,5,0.3,10,10,594,29
0.2,0.1,1,0.9,10,10,594,29
0.5,0.1,1,0.9,10,10,594,29
0.2,0.5,1,0.9,10,10,594,29
0.5,0.5,1,0.9,10,10,594,29
0.2,0.9,1,0.9,10,10,594,29
0.5,0.9,1,0.9,10,10,594,29
0.2,0.1,5,0.9,10,10,594,29
0.5,0.1,5,0.9,10,10,594,29
0.2,0.5,5,0.9,10,10,594,29
0.5,0.5,5,0.9,10,10,594,29
0.2,0.9,5,0.9,10,10,594,29
0.5,0.9,5,0.9,10,10,594,29
0.2,0.1,1,0.3,10,20,594,29
0.5,0.1,1,0.3,10,20,594,29
0.2,0.5,1,0.3,10,20,594,29
0.5,0.5,1,0.3,10,20,594,29
0.2,0.9,1,0.3,10,20,594,29
0.5,0.9,1,0.3,10,20,594,29
0.2,0.1,5,0.3,10,20,594,29
0.5,0.1,5,0.3,10,20,594,29
0.2,0.5,5,0.3,10,20,594,29
0.5,0.5,5,0.3,10,20,594,29
0.2,0.9,5,0.3,10,20,594,29
0.5,0.9,5,0.3,10,20,594,29
0.2,0.1,1,0.9,10,20,594,29
0.5,0.1,1,0.9,10,20,594,29
0.2,0.5,1,0.9,10,20,594,29
0.5,0.5,1,0.9,10,20,594,29
0.2,0.9,1,0.9,10,20,594,29
0.5,0.9,1,0.9,10,20,594,29
0.2,0.1,5,0.9,10,20,594,29
0.5,0.1,5,0.9,10,20,594,29
0.2,0.5,5,0.9,10,20,594,29
0.5,0.5,5,0.9,10,20,594,29
0.2,0.9,5,0.9,10,20,594,29
0.5,0.9,5,0.9,10,20,594,29
0.2,0.1,1,0.3,10,10,594,30
0.5,0.1,1,0.3,10,10,594,30
0.2,0.5,1,0.3,10,10,594,30
0.5,0.5,1,0.3,10,10,594,30
0.2,0.9,1,0.3,10,10,594,30
0.5,0.9,1,0.3,10,10,594,30
0.2,0.1,5,0.3,10,10,594,30
0.5,0.1,5,0.3,10,10,594,30
0.2,0.5,5,0.3,10,10,594,30
0.5,0.5,5,0.3,10,10,594,30
0.2,0.9,5,0.3,10,10,594,30
0.5,0.9,5,0.3,10,10,594,30
0.2,0.1,1,0.9,10,10,594,30
0.5,0.1,1,0.9,10,10,594,30
0.2,0.5,1,0.9,10,10,594,30
0.5,0.5,1,0.9,10,10,594,30
0.2,0.9,1,0.9,10,10,594,30
0.5,0.9,1,0.9,10,10,594,30
0.2,0.1,5,0.9,10,10,594,30
0.5,0.1,5,0.9,10,10,594,30
0.2,0.5,5,0.9,10,10,594,30
0.5,0.5,5,0.9,10,10,594,30
0.2,0.9,5,0.9,10,10,594,30
0.5,0.9,5,0.9,10,10,594,30
0.2,0.1,1,0.3,10,20,594,30
0.5,0.1,1,0.3,10,20,594,30
0.2,0.5,1,0.3,10,20,594,30
0.5,0.5,1,0.3,10,20,594,30
0.2,0.9,1,0.3,10,20,594,30
0.5,0.9,1,0.3,10,20,594,30
0.2,0.1,5,0.3,10,20,594,30
0.5,0.1,5,0.3,10,20,594,30
0.2,0.5,5,0.3,10,20,594,30
0.5,0.5,5,0.3,10,20,594,30
0.2,0.9,5,0.3,10,20,594,30
0.5,0.9,5,0.3,10,20,594,30
0.2,0.1,1,0.9,10,20,594,30
0.5,0.1,1,0.9,10,20,594,30
0.2,0.5,1,0.9,10,20,594,30
0.5,0.5,1,0.9,10,20,594,30
0.2,0.9,1,0.9,10,20,594,30
0.5,0.9,1,0.9,10,20,594,30
0.2,0.1,5,0.9,10,20,594,30
0.5,0.1,5,0.9,10,20,594,30
0.2,0.5,5,0.9,10,20,594,30
0.5,0.5,5,0.9,10,20,594,30
0.2,0.9,5,0.9,10,20,594,30
0.5,0.9,5,0.9,10,20,594,30
0.2,0.1,1,0.3,10,10,594,31
0.5,0.1,1,0.3,10,10,594,31
0.2,0.5,1,0.3,10,10,594,31
0.5,0.5,1,0.3,10,10,594,31
0.2,0.9,1,0.3,10,10,594,31
0.5,0.9,1,0.3,10,10,594,31
0.2,0.1,5,0.3,10,10,594,31
0.5,0.1,5,0.3,10,10,594,31
0.2,0.5,5,0.3,10,10,594,31
0.5,0.5,5,0.3,10,10,594,31
0.2,0.9,5,0.3,10,10,594,31
0.5,0.9,5,0.3,10,10,594,31
0.2,0.1,1,0.9,10,10,594,31
0.5,0.1,1,0.9,10,10,594,31
0.2,0.5,1,0.9,10,10,594,31
0.5,0.5,1,0.9,10,10,594,31
0.2,0.9,1,0.9,10,10,594,31
0.5,0.9,1,0.9,10,10,594,31
0.2,0.1,5,0.9,10,10,594,31
0.5,0.1,5,0.9,10,10,594,31
0.2,0.5,5,0.9,10,10,594,31
0.5,0.5,5,0.9,10,10,594,31
0.2,0.9,5,0.9,10,10,594,31
0.5,0.9,5,0.9,10,10,594,31
0.2,0.1,1,0.3,10,20,594,31
0.5,0.1,1,0.3,10,20,594,31
0.2,0.5,1,0.3,10,20,594,31
0.5,0.5,1,0.3,10,20,594,31
0.2,0.9,1,0.3,10,20,594,31
0.5,0.9,1,0.3,10,20,594,31
0.2,0.1,5,0.3,10,20,594,31
0.5,0.1,5,0.3,10,20,594,31
0.2,0.5,5,0.3,10,20,594,31
0.5,0.5,5,0.3,10,20,594,31
0.2,0.9,5,0.3,10,20,594,31
0.5,0.9,5,0.3,10,20,594,31
0.2,0.1,1,0.9,10,20,594,31
0.5,0.1,1,0.9,10,20,594,31
0.2,0.5,1,0.9,10,20,594,31
0.5,0.5,1,0.9,10,20,594,31
0.2,0.9,1,0.9,10,20,594,31
0.5,0.9,1,0.9,10,20,594,31
0.2,0.1,5,0.9,10,20,594,31
0.5,0.1,5,0.9,10,20,594,31
0.2,0.5,5,0.9,10,20,594,31
0.5,0.5,5,0.9,10,20,594,31
0.2,0.9,5,0.9,10,20,594,31
0.5,0.9,5,0.9,10,20,594,31
0.2,0.1,1,0.3,10,10,594,32
0.5,0.1,1,0.3,10,10,594,32
0.2,0.5,1,0.3,10,10,594,32
0.5,0.5,1,0.3,10,10,594,32
0.2,0.9,1,0.3,10,10,594,32
0.5,0.9,1,0.3,10,10,594,32
0.2,0.1,5,0.3,10,10,594,32
0.5,0.1,5,0.3,10,10,594,32
0.2,0.5,5,0.3,10,10,594,32
0.5,0.5,5,0.3,10,10,594,32
0.2,0.9,5,0.3,10,10,594,32
0.5,0.9,5,0.3,10,10,594,32
0.2,0.1,1,0.9,10,10,594,32
0.5,0.1,1,0.9,10,10,594,32
0.2,0.5,1,0.9,10,10,594,32
0.5,0.5,1,0.9,10,10,594,32
0.2,0.9,1,0.9,10,10,594,32
0.5,0.9,1,0.9,10,10,594,32
0.2,0.1,5,0.9,10,10,594,32
0.5,0.1,5,0.9,10,10,594,32
0.2,0.5,5,0.9,10,10,594,32
0.5,0.5,5,0.9,10,10,594,32
0.2,0.9,5,0.9,10,10,594,32
0.5,0.9,5,0.9,10,10,594,32
0.2,0.1,1,0.3,10,20,594,32
0.5,0.1,1,0.3,10,20,594,32
0.2,0.5,1,0.3,10,20,594,32
0.5,0.5,1,0.3,10,20,594,32
0.2,0.9,1,0.3,10,20,594,32
0.5,0.9,1,0.3,10,20,594,32
0.2,0.1,5,0.3,10,20,594,32
0.5,0.1,5,0.3,10,20,594,32
0.2,0.5,5,0.3,10,20,594,32
0.5,0.5,5,0.3,10,20,594,32
0.2,0.9,5,0.3,10,20,594,32
0.5,0.9,5,0.3,10,20,594,32
0.2,0.1,1,0.9,10,20,594,32
0.5,0.1,1,0.9,10,20,594,32
0.2,0.5,1,0.9,10,20,594,32
0.5,0.5,1,0.9,10,20,594,32
0.2,0.9,1,0.9,10,20,594,32
0.5,0.9,1,0.9,10,20,594,32
0.2,0.1,5,0.9,10,20,594,32
0.5,0.1,5,0.9,10,20,594,32
0.2,0.5,5,0.9,10,20,594,32
0.5,0.5,5,0.9,10,20,594,32
0.2,0.9,5,0.9,10,20,594,32
0.5,0.9,5,0.9,10,20,594,32
0.2,0.1,1,0.3,10,10,594,33
0.5,0.1,1,0.3,10,10,594,33
0.2,0.5,1,0.3,10,10,594,33
0.5,0.5,1,0.3,10,10,594,33
0.2,0.9,1,0.3,10,10,594,33
0.5,0.9,1,0.3,10,10,594,33
0.2,0.1,5,0.3,10,10,594,33
0.5,0.1,5,0.3,10,10,594,33
0.2,0.5,5,0.3,10,10,594,33
0.5,0.5,5,0.3,10,10,594,33
0.2,0.9,5,0.3,10,10,594,33
0.5,0.9,5,0.3,10,10,594,33
0.2,0.1,1,0.9,10,10,594,33
0.5,0.1,1,0.9,10,10,594,33
0.2,0.5,1,0.9,10,10,594,33
0.5,0.5,1,0.9,10,10,594,33
0.2,0.9,1,0.9,10,10,594,33
0.5,0.9,1,0.9,10,10,594,33
0.2,0.1,5,0.9,10,10,594,33
0.5,0.1,5,0.9,10,10,594,33
0.2,0.5,5,0.9,10,10,594,33
0.5,0.5,5,0.9,10,10,594,33
0.2,0.9,5,0.9,10,10,594,33
0.5,0.9,5,0.9,10,10,594,33
0.2,0.1,1,0.3,10,20,594,33
0.5,0.1,1,0.3,10,20,594,33
0.2,0.5,1,0.3,10,20,594,33
0.5,0.5,1,0.3,10,20,594,33
0.2,0.9,1,0.3,10,20,594,33
0.5,0.9,1,0.3,10,20,594,33
0.2,0.1,5,0.3,10,20,594,33
0.5,0.1,5,0.3,10,20,594,33
0.2,0.5,5,0.3,10,20,594,33
0.5,0.5,5,0.3,10,20,594,33
0.2,0.9,5,0.3,10,20,594,33
0.5,0.9,5,0.3,10,20,594,33
0.2,0.1,1,0.9,10,20,594,33
0.5,0.1,1,0.9,10,20,594,33
0.2,0.5,1,0.9,10,20,594,33
0.5,0.5,1,0.9,10,20,594,33
0.2,0.9,1,0.9,10,20,594,33
0.5,0.9,1,0.9,10,20,594,33
0.2,0.1,5,0.9,10,20,594,33
0.5,0.1,5,0.9,10,20,594,33
0.2,0.5,5,0.9,10,20,594,33
0.5,0.5,5,0.9,10,20,594,33
0.2,0.9,5,0.9,10,20,594,33
0.5,0.9,5,0.9,10,20,594,33
0.2,0.1,1,0.3,10,10,594,34
0.5,0.1,1,0.3,10,10,594,34
0.2,0.5,1,0.3,10,10,594,34
0.5,0.5,1,0.3,10,10,594,34
0.2,0.9,1,0.3,10,10,594,34
0.5,0.9,1,0.3,10,10,594,34
0.2,0.1,5,0.3,10,10,594,34
0.5,0.1,5,0.3,10,10,594,34
0.2,0.5,5,0.3,10,10,594,34
0.5,0.5,5,0.3,10,10,594,34
0.2,0.9,5,0.3,10,10,594,34
0.5,0.9,5,0.3,10,10,594,34
0.2,0.1,1,0.9,10,10,594,34
0.5,0.1,1,0.9,10,10,594,34
0.2,0.5,1,0.9,10,10,594,34
0.5,0.5,1,0.9,10,10,594,34
0.2,0.9,1,0.9,10,10,594,34
0.5,0.9,1,0.9,10,10,594,34
0.2,0.1,5,0.9,10,10,594,34
0.5,0.1,5,0.9,10,10,594,34
0.2,0.5,5,0.9,10,10,594,34
0.5,0.5,5,0.9,10,10,594,34
0.2,0.9,5,0.9,10,10,594,34
0.5,0.9,5,0.9,10,10,594,34
0.2,0.1,1,0.3,10,20,594,34
0.5,0.1,1,0.3,10,20,594,34
0.2,0.5,1,0.3,10,20,594,34
0.5,0.5,1,0.3,10,20,594,34
0.2,0.9,1,0.3,10,20,594,34
0.5,0.9,1,0.3,10,20,594,34
0.2,0.1,5,0.3,10,20,594,34
0.5,0.1,5,0.3,10,20,594,34
0.2,0.5,5,0.3,10,20,594,34
0.5,0.5,5,0.3,10,20,594,34
0.2,0.9,5,0.3,10,20,594,34
0.5,0.9,5,0.3,10,20,594,34
0.2,0.1,1,0.9,10,20,594,34
0.5,0.1,1,0.9,10,20,594,34
0.2,0.5,1,0.9,10,20,594,34
0.5,0.5,1,0.9,10,20,594,34
0.2,0.9,1,0.9,10,20,594,34
0.5,0.9,1,0.9,10,20,594,34
0.2,0.1,5,0.9,10,20,594,34
0.5,0.1,5,0.9,10,20,594,34
0.2,0.5,5,0.9,10,20,594,34
0.5,0.5,5,0.9,10,20,594,34
0.2,0.9,5,0.9,10,20,594,34
0.5,0.9,5,0.9,10,20,594,34
0.2,0.1,1,0.3,10,10,594,35
0.5,0.1,1,0.3,10,10,594,35
0.2,0.5,1,0.3,10,10,594,35
0.5,0.5,1,0.3,10,10,594,35
0.2,0.9,1,0.3,10,10,594,35
0.5,0.9,1,0.3,10,10,594,35
0.2,0.1,5,0.3,10,10,594,35
0.5,0.1,5,0.3,10,10,594,35
0.2,0.5,5,0.3,10,10,594,35
0.5,0.5,5,0.3,10,10,594,35
0.2,0.9,5,0.3,10,10,594,35
0.5,0.9,5,0.3,10,10,594,35
0.2,0.1,1,0.9,10,10,594,35
0.5,0.1,1,0.9,10,10,594,35
0.2,0.5,1,0.9,10,10,594,35
0.5,0.5,1,0.9,10,10,594,35
0.2,0.9,1,0.9,10,10,594,35
0.5,0.9,1,0.9,10,10,594,35
0.2,0.1,5,0.9,10,10,594,35
0.5,0.1,5,0.9,10,10,594,35
0.2,0.5,5,0.9,10,10,594,35
0.5,0.5,5,0.9,10,10,594,35
0.2,0.9,5,0.9,10,10,594,35
0.5,0.9,5,0.9,10,10,594,35
0.2,0.1,1,0.3,10,20,594,35
0.5,0.1,1,0.3,10,20,594,35
0.2,0.5,1,0.3,10,20,594,35
0.5,0.5,1,0.3,10,20,594,35
0.2,0.9,1,0.3,10,20,594,35
0.5,0.9,1,0.3,10,20,594,35
0.2,0.1,5,0.3,10,20,594,35
0.5,0.1,5,0.3,10,20,594,35
0.2,0.5,5,0.3,10,20,594,35
0.5,0.5,5,0.3,10,20,594,35
0.2,0.9,5,0.3,10,20,594,35
0.5,0.9,5,0.3,10,20,594,35
0.2,0.1,1,0.9,10,20,594,35
0.5,0.1,1,0.9,10,20,594,35
0.2,0.5,1,0.9,10,20,594,35
0.5,0.5,1,0.9,10,20,594,35
0.2,0.9,1,0.9,10,20,594,35
0.5,0.9,1,0.9,10,20,594,35
0.2,0.1,5,0.9,10,20,594,35
0.5,0.1,5,0.9,10,20,594,35
0.2,0.5,5,0.9,10,20,594,35
0.5,0.5,5,0.9,10,20,594,35
0.2,0.9,5,0.9,10,20,594,35
0.5,0.9,5,0.9,10,20,594,35
0.2,0.1,1,0.3,10,10,594,36
0.5,0.1,1,0.3,10,10,594,36
0.2,0.5,1,0.3,10,10,594,36
0.5,0.5,1,0.3,10,10,594,36
0.2,0.9,1,0.3,10,10,594,36
0.5,0.9,1,0.3,10,10,594,36
0.2,0.1,5,0.3,10,10,594,36
0.5,0.1,5,0.3,10,10,594,36
0.2,0.5,5,0.3,10,10,594,36
0.5,0.5,5,0.3,10,10,594,36
0.2,0.9,5,0.3,10,10,594,36
0.5,0.9,5,0.3,10,10,594,36
0.2,0.1,1,0.9,10,10,594,36
0.5,0.1,1,0.9,10,10,594,36
0.2,0.5,1,0.9,10,10,594,36
0.5,0.5,1,0.9,10,10,594,36
0.2,0.9,1,0.9,10,10,594,36
0.5,0.9,1,0.9,10,10,594,36
0.2,0.1,5,0.9,10,10,594,36
0.5,0.1,5,0.9,10,10,594,36
0.2,0.5,5,0.9,10,10,594,36
0.5,0.5,5,0.9,10,10,594,36
0.2,0.9,5,0.9,10,10,594,36
0.5,0.9,5,0.9,10,10,594,36
0.2,0.1,1,0.3,10,20,594,36
0.5,0.1,1,0.3,10,20,594,36
0.2,0.5,1,0.3,10,20,594,36
0.5,0.5,1,0.3,10,20,594,36
0.2,0.9,1,0.3,10,20,594,36
0.5,0.9,1,0.3,10,20,594,36
0.2,0.1,5,0.3,10,20,594,36
0.5,0.1,5,0.3,10,20,594,36
0.2,0.5,5,0.3,10,20,594,36
0.5,0.5,5,0.3,10,20,594,36
0.2,0.9,5,0.3,10,20,594,36
0.5,0.9,5,0.3,10,20,594,36
0.2,0.1,1,0.9,10,20,594,36
0.5,0.1,1,0.9,10,20,594,36
0.2,0.5,1,0.9,10,20,594,36
0.5,0.5,1,0.9,10,20,594,36
0.2,0.9,1,0.9,10,20,594,36
0.5,0.9,1,0.9,10,20,594,36
0.2,0.1,5,0.9,10,20,594,36
0.5,0.1,5,0.9,10,20,594,36
0.2,0.5,5,0.9,10,20,594,36
0.5,0.5,5,0.9,10,20,594,36
0.2,0.9,5,0.9,10,20,594,36
0.5,0.9,5,0.9,10,20,594,36
0.2,0.1,1,0.3,10,10,594,37
0.5,0.1,1,0.3,10,10,594,37
0.2,0.5,1,0.3,10,10,594,37
0.5,0.5,1,0.3,10,10,594,37
0.2,0.9,1,0.3,10,10,594,37
0.5,0.9,1,0.3,10,10,594,37
0.2,0.1,5,0.3,10,10,594,37
0.5,0.1,5,0.3,10,10,594,37
0.2,0.5,5,0.3,10,10,594,37
0.5,0.5,5,0.3,10,10,594,37
0.2,0.9,5,0.3,10,10,594,37
0.5,0.9,5,0.3,10,10,594,37
0.2,0.1,1,0.9,10,10,594,37
0.5,0.1,1,0.9,10,10,594,37
0.2,0.5,1,0.9,10,10,594,37
0.5,0.5,1,0.9,10,10,594,37
0.2,0.9,1,0.9,10,10,594,37
0.5,0.9,1,0.9,10,10,594,37
0.2,0.1,5,0.9,10,10,594,37
0.5,0.1,5,0.9,10,10,594,37
0.2,0.5,5,0.9,10,10,594,37
0.5,0.5,5,0.9,10,10,594,37
0.2,0.9,5,0.9,10,10,594,37
0.5,0.9,5,0.9,10,10,594,37
0.2,0.1,1,0.3,10,20,594,37
0.5,0.1,1,0.3,10,20,594,37
0.2,0.5,1,0.3,10,20,594,37
0.5,0.5,1,0.3,10,20,594,37
0.2,0.9,1,0.3,10,20,594,37
0.5,0.9,1,0.3,10,20,594,37
0.2,0.1,5,0.3,10,20,594,37
0.5,0.1,5,0.3,10,20,594,37
0.2,0.5,5,0.3,10,20,594,37
0.5,0.5,5,0.3,10,20,594,37
0.2,0.9,5,0.3,10,20,594,37
0.5,0.9,5,0.3,10,20,594,37
0.2,0.1,1,0.9,10,20,594,37
0.5,0.1,1,0.9,10,20,594,37
0.2,0.5,1,0.9,10,20,594,37
0.5,0.5,1,0.9,10,20,594,37
0.2,0.9,1,0.9,10,20,594,37
0.5,0.9,1,0.9,10,20,594,37
0.2,0.1,5,0.9,10,20,594,37
0.5,0.1,5,0.9,10,20,594,37
0.2,0.5,5,0.9,10,20,594,37
0.5,0.5,5,0.9,10,20,594,37
0.2,0.9,5,0.9,10,20,594,37
0.5,0.9,5,0.9,10,20,594,37
0.2,0.1,1,0.3,10,10,594,38
0.5,0.1,1,0.3,10,10,594,38
0.2,0.5,1,0.3,10,10,594,38
0.5,0.5,1,0.3,10,10,594,38
0.2,0.9,1,0.3,10,10,594,38
0.5,0.9,1,0.3,10,10,594,38
0.2,0.1,5,0.3,10,10,594,38
0.5,0.1,5,0.3,10,10,594,38
0.2,0.5,5,0.3,10,10,594,38
0.5,0.5,5,0.3,10,10,594,38
0.2,0.9,5,0.3,10,10,594,38
0.5,0.9,5,0.3,10,10,594,38
0.2,0.1,1,0.9,10,10,594,38
0.5,0.1,1,0.9,10,10,594,38
0.2,0.5,1,0.9,10,10,594,38
0.5,0.5,1,0.9,10,10,594,38
0.2,0.9,1,0.9,10,10,594,38
0.5,0.9,1,0.9,10,10,594,38
0.2,0.1,5,0.9,10,10,594,38
0.5,0.1,5,0.9,10,10,594,38
0.2,0.5,5,0.9,10,10,594,38
0.5,0.5,5,0.9,10,10,594,38
0.2,0.9,5,0.9,10,10,594,38
0.5,0.9,5,0.9,10,10,594,38
0.2,0.1,1,0.3,10,20,594,38
0.5,0.1,1,0.3,10,20,594,38
0.2,0.5,1,0.3,10,20,594,38
0.5,0.5,1,0.3,10,20,594,38
0.2,0.9,1,0.3,10,20,594,38
0.5,0.9,1,0.3,10,20,594,38
0.2,0.1,5,0.3,10,20,594,38
0.5,0.1,5,0.3,10,20,594,38
0.2,0.5,5,0.3,10,20,594,38
0.5,0.5,5,0.3,10,20,594,38
0.2,0.9,5,0.3,10,20,594,38
0.5,0.9,5,0.3,10,20,594,38
0.2,0.1,1,0.9,10,20,594,38
0.5,0.1,1,0.9,10,20,594,38
0.2,0.5,1,0.9,10,20,594,38
0.5,0.5,1,0.9,10,20,594,38
0.2,0.9,1,0.9,10,20,594,38
0.5,0.9,1,0.9,10,20,594,38
0.2,0.1,5,0.9,10,20,594,38
0.5,0.1,5,0.9,10,20,594,38
0.2,0.5,5,0.9,10,20,594,38
0.5,0.5,5,0.9,10,20,594,38
0.2,0.9,5,0.9,10,20,594,38
0.5,0.9,5,0.9,10,20,594,38
0.2,0.1,1,0.3,10,10,594,39
0.5,0.1,1,0.3,10,10,594,39
0.2,0.5,1,0.3,10,10,594,39
0.5,0.5,1,0.3,10,10,594,39
0.2,0.9,1,0.3,10,10,594,39
0.5,0.9,1,0.3,10,10,594,39
0.2,0.1,5,0.3,10,10,594,39
0.5,0.1,5,0.3,10,10,594,39
0.2,0.5,5,0.3,10,10,594,39
0.5,0.5,5,0.3,10,10,594,39
0.2,0.9,5,0.3,10,10,594,39
0.5,0.9,5,0.3,10,10,594,39
0.2,0.1,1,0.9,10,10,594,39
0.5,0.1,1,0.9,10,10,594,39
0.2,0.5,1,0.9,10,10,594,39
0.5,0.5,1,0.9,10,10,594,39
0.2,0.9,1,0.9,10,10,594,39
0.5,0.9,1,0.9,10,10,594,39
0.2,0.1,5,0.9,10,10,594,39
0.5,0.1,5,0.9,10,10,594,39
0.2,0.5,5,0.9,10,10,594,39
0.5,0.5,5,0.9,10,10,594,39
0.2,0.9,5,0.9,10,10,594,39
0.5,0.9,5,0.9,10,10,594,39
0.2,0.1,1,0.3,10,20,594,39
0.5,0.1,1,0.3,10,20,594,39
0.2,0.5,1,0.3,10,20,594,39
0.5,0.5,1,0.3,10,20,594,39
0.2,0.9,1,0.3,10,20,594,39
0.5,0.9,1,0.3,10,20,594,39
0.2,0.1,5,0.3,10,20,594,39
0.5,0.1,5,0.3,10,20,594,39
0.2,0.5,5,0.3,10,20,594,39
0.5,0.5,5,0.3,10,20,594,39
0.2,0.9,5,0.3,10,20,594,39
0.5,0.9,5,0.3,10,20,594,39
0.2,0.1,1,0.9,10,20,594,39
0.5,0.1,1,0.9,10,20,594,39
0.2,0.5,1,0.9,10,20,594,39
0.5,0.5,1,0.9,10,20,594,39
0.2,0.9,1,0.9,10,20,594,39
0.5,0.9,1,0.9,10,20,594,39
0.2,0.1,5,0.9,10,20,594,39
0.5,0.1,5,0.9,10,20,594,39
0.2,0.5,5,0.9,10,20,594,39
0.5,0.5,5,0.9,10,20,594,39
0.2,0.9,5,0.9,10,20,594,39
0.5,0.9,5,0.9,10,20,594,39
0.2,0.1,1,0.3,10,10,594,40
0.5,0.1,1,0.3,10,10,594,40
0.2,0.5,1,0.3,10,10,594,40
0.5,0.5,1,0.3,10,10,594,40
0.2,0.9,1,0.3,10,10,594,40
0.5,0.9,1,0.3,10,10,594,40
0.2,0.1,5,0.3,10,10,594,40
0.5,0.1,5,0.3,10,10,594,40
0.2,0.5,5,0.3,10,10,594,40
0.5,0.5,5,0.3,10,10,594,40
0.2,0.9,5,0.3,10,10,594,40
0.5,0.9,5,0.3,10,10,594,40
0.2,0.1,1,0.9,10,10,594,40
0.5,0.1,1,0.9,10,10,594,40
0.2,0.5,1,0.9,10,10,594,40
0.5,0.5,1,0.9,10,10,594,40
0.2,0.9,1,0.9,10,10,594,40
0.5,0.9,1,0.9,10,10,594,40
0.2,0.1,5,0.9,10,10,594,40
0.5,0.1,5,0.9,10,10,594,40
0.2,0.5,5,0.9,10,10,594,40
0.5,0.5,5,0.9,10,10,594,40
0.2,0.9,5,0.9,10,10,594,40
0.5,0.9,5,0.9,10,10,594,40
0.2,0.1,1,0.3,10,20,594,40
0.5,0.1,1,0.3,10,20,594,40
0.2,0.5,1,0.3,10,20,594,40
0.5,0.5,1,0.3,10,20,594,40
0.2,0.9,1,0.3,10,20,594,40
0.5,0.9,1,0.3,10,20,594,40
0.2,0.1,5,0.3,10,20,594,40
0.5,0.1,5,0.3,10,20,594,40
0.2,0.5,5,0.3,10,20,594,40
0.5,0.5,5,0.3,10,20,594,40
0.2,0.9,5,0.3,10,20,594,40
0.5,0.9,5,0.3,10,20,594,40
0.2,0.1,1,0.9,10,20,594,40
0.5,0.1,1,0.9,10,20,594,40
0.2,0.5,1,0.9,10,20,594,40
0.5,0.5,1,0.9,10,20,594,40
0.2,0.9,1,0.9,10,20,594,40
0.5,0.9,1,0.9,10,20,594,40
0.2,0.1,5,0.9,10,20,594,40
0.5,0.1,5,0.9,10,20,594,40
0.2,0.5,5,0.9,10,20,594,40
0.5,0.5,5,0.9,10,20,594,40
0.2,0.9,5,0.9,10,20,594,40
0.5,0.9,5,0.9,10,20,594,40
0.2,0.1,1,0.3,10,10,594,41
0.5,0.1,1,0.3,10,10,594,41
0.2,0.5,1,0.3,10,10,594,41
0.5,0.5,1,0.3,10,10,594,41
0.2,0.9,1,0.3,10,10,594,41
0.5,0.9,1,0.3,10,10,594,41
0.2,0.1,5,0.3,10,10,594,41
0.5,0.1,5,0.3,10,10,594,41
0.2,0.5,5,0.3,10,10,594,41
0.5,0.5,5,0.3,10,10,594,41
0.2,0.9,5,0.3,10,10,594,41
0.5,0.9,5,0.3,10,10,594,41
0.2,0.1,1,0.9,10,10,594,41
0.5,0.1,1,0.9,10,10,594,41
0.2,0.5,1,0.9,10,10,594,41
0.5,0.5,1,0.9,10,10,594,41
0.2,0.9,1,0.9,10,10,594,41
0.5,0.9,1,0.9,10,10,594,41
0.2,0.1,5,0.9,10,10,594,41
0.5,0.1,5,0.9,10,10,594,41
0.2,0.5,5,0.9,10,10,594,41
0.5,0.5,5,0.9,10,10,594,41
0.2,0.9,5,0.9,10,10,594,41
0.5,0.9,5,0.9,10,10,594,41
0.2,0.1,1,0.3,10,20,594,41
0.5,0.1,1,0.3,10,20,594,41
0.2,0.5,1,0.3,10,20,594,41
0.5,0.5,1,0.3,10,20,594,41
0.2,0.9,1,0.3,10,20,594,41
0.5,0.9,1,0.3,10,20,594,41
0.2,0.1,5,0.3,10,20,594,41
0.5,0.1,5,0.3,10,20,594,41
0.2,0.5,5,0.3,10,20,594,41
0.5,0.5,5,0.3,10,20,594,41
0.2,0.9,5,0.3,10,20,594,41
0.5,0.9,5,0.3,10,20,594,41
0.2,0.1,1,0.9,10,20,594,41
0.5,0.1,1,0.9,10,20,594,41
0.2,0.5,1,0.9,10,20,594,41
0.5,0.5,1,0.9,10,20,594,41
0.2,0.9,1,0.9,10,20,594,41
0.5,0.9,1,0.9,10,20,594,41
0.2,0.1,5,0.9,10,20,594,41
0.5,0.1,5,0.9,10,20,594,41
0.2,0.5,5,0.9,10,20,594,41
0.5,0.5,5,0.9,10,20,594,41
0.2,0.9,5,0.9,10,20,594,41
0.5,0.9,5,0.9,10,20,594,41
0.2,0.1,1,0.3,10,10,594,42
0.5,0.1,1,0.3,10,10,594,42
0.2,0.5,1,0.3,10,10,594,42
0.5,0.5,1,0.3,10,10,594,42
0.2,0.9,1,0.3,10,10,594,42
0.5,0.9,1,0.3,10,10,594,42
0.2,0.1,5,0.3,10,10,594,42
0.5,0.1,5,0.3,10,10,594,42
0.2,0.5,5,0.3,10,10,594,42
0.5,0.5,5,0.3,10,10,594,42
0.2,0.9,5,0.3,10,10,594,42
0.5,0.9,5,0.3,10,10,594,42
0.2,0.1,1,0.9,10,10,594,42
0.5,0.1,1,0.9,10,10,594,42
0.2,0.5,1,0.9,10,10,594,42
0.5,0.5,1,0.9,10,10,594,42
0.2,0.9,1,0.9,10,10,594,42
0.5,0.9,1,0.9,10,10,594,42
0.2,0.1,5,0.9,10,10,594,42
0.5,0.1,5,0.9,10,10,594,42
0.2,0.5,5,0.9,10,10,594,42
0.5,0.5,5,0.9,10,10,594,42
0.2,0.9,5,0.9,10,10,594,42
0.5,0.9,5,0.9,10,10,594,42
0.2,0.1,1,0.3,10,20,594,42
0.5,0.1,1,0.3,10,20,594,42
0.2,0.5,1,0.3,10,20,594,42
0.5,0.5,1,0.3,10,20,594,42
0.2,0.9,1,0.3,10,20,594,42
0.5,0.9,1,0.3,10,20,594,42
0.2,0.1,5,0.3,10,20,594,42
0.5,0.1,5,0.3,10,20,594,42
0.2,0.5,5,0.3,10,20,594,42
0.5,0.5,5,0.3,10,20,594,42
0.2,0.9,5,0.3,10,20,594,42
0.5,0.9,5,0.3,10,20,594,42
0.2,0.1,1,0.9,10,20,594,42
0.5,0.1,1,0.9,10,20,594,42
0.2,0.5,1,0.9,10,20,594,42
0.5,0.5,1,0.9,10,20,594,42
0.2,0.9,1,0.9,10,20,594,42
0.5,0.9,1,0.9,10,20,594,42
0.2,0.1,5,0.9,10,20,594,42
0.5,0.1,5,0.9,10,20,594,42
0.2,0.5,5,0.9,10,20,594,42
0.5,0.5,5,0.9,10,20,594,42
0.2,0.9,5,0.9,10,20,594,42
0.5,0.9,5,0.9,10,20,594,42
0.2,0.1,1,0.3,10,10,594,43
0.5,0.1,1,0.3,10,10,594,43
0.2,0.5,1,0.3,10,10,594,43
0.5,0.5,1,0.3,10,10,594,43
0.2,0.9,1,0.3,10,10,594,43
0.5,0.9,1,0.3,10,10,594,43
0.2,0.1,5,0.3,10,10,594,43
0.5,0.1,5,0.3,10,10,594,43
0.2,0.5,5,0.3,10,10,594,43
0.5,0.5,5,0.3,10,10,594,43
0.2,0.9,5,0.3,10,10,594,43
0.5,0.9,5,0.3,10,10,594,43
0.2,0.1,1,0.9,10,10,594,43
0.5,0.1,1,0.9,10,10,594,43
0.2,0.5,1,0.9,10,10,594,43
0.5,0.5,1,0.9,10,10,594,43
0.2,0.9,1,0.9,10,10,594,43
0.5,0.9,1,0.9,10,10,594,43
0.2,0.1,5,0.9,10,10,594,43
0.5,0.1,5,0.9,10,10,594,43
0.2,0.5,5,0.9,10,10,594,43
0.5,0.5,5,0.9,10,10,594,43
0.2,0.9,5,0.9,10,10,594,43
0.5,0.9,5,0.9,10,10,594,43
0.2,0.1,1,0.3,10,20,594,43
0.5,0.1,1,0.3,10,20,594,43
0.2,0.5,1,0.3,10,20,594,43
0.5,0.5,1,0.3,10,20,594,43
0.2,0.9,1,0.3,10,20,594,43
0.5,0.9,1,0.3,10,20,594,43
0.2,0.1,5,0.3,10,20,594,43
0.5,0.1,5,0.3,10,20,594,43
0.2,0.5,5,0.3,10,20,594,43
0.5,0.5,5,0.3,10,20,594,43
0.2,0.9,5,0.3,10,20,594,43
0.5,0.9,5,0.3,10,20,594,43
0.2,0.1,1,0.9,10,20,594,43
0.5,0.1,1,0.9,10,20,594,43
0.2,0.5,1,0.9,10,20,594,43
0.5,0.5,1,0.9,10,20,594,43
0.2,0.9,1,0.9,10,20,594,43
0.5,0.9,1,0.9,10,20,594,43
0.2,0.1,5,0.9,10,20,594,43
0.5,0.1,5,0.9,10,20,594,43
0.2,0.5,5,0.9,10,20,594,43
0.5,0.5,5,0.9,10,20,594,43
0.2,0.9,5,0.9,10,20,594,43
0.5,0.9,5,0.9,10,20,594,43
0.2,0.1,1,0.3,10,10,594,44
0.5,0.1,1,0.3,10,10,594,44
0.2,0.5,1,0.3,10,10,594,44
0.5,0.5,1,0.3,10,10,594,44
0.2,0.9,1,0.3,10,10,594,44
0.5,0.9,1,0.3,10,10,594,44
0.2,0.1,5,0.3,10,10,594,44
0.5,0.1,5,0.3,10,10,594,44
0.2,0.5,5,0.3,10,10,594,44
0.5,0.5,5,0.3,10,10,594,44
0.2,0.9,5,0.3,10,10,594,44
0.5,0.9,5,0.3,10,10,594,44
0.2,0.1,1,0.9,10,10,594,44
0.5,0.1,1,0.9,10,10,594,44
0.2,0.5,1,0.9,10,10,594,44
0.5,0.5,1,0.9,10,10,594,44
0.2,0.9,1,0.9,10,10,594,44
0.5,0.9,1,0.9,10,10,594,44
0.2,0.1,5,0.9,10,10,594,44
0.5,0.1,5,0.9,10,10,594,44
0.2,0.5,5,0.9,10,10,594,44
0.5,0.5,5,0.9,10,10,594,44
0.2,0.9,5,0.9,10,10,594,44
0.5,0.9,5,0.9,10,10,594,44
0.2,0.1,1,0.3,10,20,594,44
0.5,0.1,1,0.3,10,20,594,44
0.2,0.5,1,0.3,10,20,594,44
0.5,0.5,1,0.3,10,20,594,44
0.2,0.9,1,0.3,10,20,594,44
0.5,0.9,1,0.3,10,20,594,44
0.2,0.1,5,0.3,10,20,594,44
0.5,0.1,5,0.3,10,20,594,44
0.2,0.5,5,0.3,10,20,594,44
0.5,0.5,5,0.3,10,20,594,44
0.2,0.9,5,0.3,10,20,594,44
0.5,0.9,5,0.3,10,20,594,44
0.2,0.1,1,0.9,10,20,594,44
0.5,0.1,1,0.9,10,20,594,44
0.2,0.5,1,0.9,10,20,594,44
0.5,0.5,1,0.9,10,20,594,44
0.2,0.9,1,0.9,10,20,594,44
0.5,0.9,1,0.9,10,20,594,44
0.2,0.1,5,0.9,10,20,594,44
0.5,0.1,5,0.9,10,20,594,44
0.2,0.5,5,0.9,10,20,594,44
0.5,0.5,5,0.9,10,20,594,44
0.2,0.9,5,0.9,10,20,594,44
0.5,0.9,5,0.9,10,20,594,44
0.2,0.1,1,0.3,10,10,594,45
0.5,0.1,1,0.3,10,10,594,45
0.2,0.5,1,0.3,10,10,594,45
0.5,0.5,1,0.3,10,10,594,45
0.2,0.9,1,0.3,10,10,594,45
0.5,0.9,1,0.3,10,10,594,45
0.2,0.1,5,0.3,10,10,594,45
0.5,0.1,5,0.3,10,10,594,45
0.2,0.5,5,0.3,10,10,594,45
0.5,0.5,5,0.3,10,10,594,45
0.2,0.9,5,0.3,10,10,594,45
0.5,0.9,5,0.3,10,10,594,45
0.2,0.1,1,0.9,10,10,594,45
0.5,0.1,1,0.9,10,10,594,45
0.2,0.5,1,0.9,10,10,594,45
0.5,0.5,1,0.9,10,10,594,45
0.2,0.9,1,0.9,10,10,594,45
0.5,0.9,1,0.9,10,10,594,45
0.2,0.1,5,0.9,10,10,594,45
0.5,0.1,5,0.9,10,10,594,45
0.2,0.5,5,0.9,10,10,594,45
0.5,0.5,5,0.9,10,10,594,45
0.2,0.9,5,0.9,10,10,594,45
0.5,0.9,5,0.9,10,10,594,45
0.2,0.1,1,0.3,10,20,594,45
0.5,0.1,1,0.3,10,20,594,45
0.2,0.5,1,0.3,10,20,594,45
0.5,0.5,1,0.3,10,20,594,45
0.2,0.9,1,0.3,10,20,594,45
0.5,0.9,1,0.3,10,20,594,45
0.2,0.1,5,0.3,10,20,594,45
0.5,0.1,5,0.3,10,20,594,45
0.2,0.5,5,0.3,10,20,594,45
0.5,0.5,5,0.3,10,20,594,45
0.2,0.9,5,0.3,10,20,594,45
0.5,0.9,5,0.3,10,20,594,45
0.2,0.1,1,0.9,10,20,594,45
0.5,0.1,1,0.9,10,20,594,45
0.2,0.5,1,0.9,10,20,594,45
0.5,0.5,1,0.9,10,20,594,45
0.2,0.9,1,0.9,10,20,594,45
0.5,0.9,1,0.9,10,20,594,45
0.2,0.1,5,0.9,10,20,594,45
0.5,0.1,5,0.9,10,20,594,45
0.2,0.5,5,0.9,10,20,594,45
0.5,0.5,5,0.9,10,20,594,45
0.2,0.9,5,0.9,10,20,594,45
0.5,0.9,5,0.9,10,20,594,45
0.2,0.1,1,0.3,10,10,594,46
0.5,0.1,1,0.3,10,10,594,46
0.2,0.5,1,0.3,10,10,594,46
0.5,0.5,1,0.3,10,10,594,46
0.2,0.9,1,0.3,10,10,594,46
0.5,0.9,1,0.3,10,10,594,46
0.2,0.1,5,0.3,10,10,594,46
0.5,0.1,5,0.3,10,10,594,46
0.2,0.5,5,0.3,10,10,594,46
0.5,0.5,5,0.3,10,10,594,46
0.2,0.9,5,0.3,10,10,594,46
0.5,0.9,5,0.3,10,10,594,46
0.2,0.1,1,0.9,10,10,594,46
0.5,0.1,1,0.9,10,10,594,46
0.2,0.5,1,0.9,10,10,594,46
0.5,0.5,1,0.9,10,10,594,46
0.2,0.9,1,0.9,10,10,594,46
0.5,0.9,1,0.9,10,10,594,46
0.2,0.1,5,0.9,10,10,594,46
0.5,0.1,5,0.9,10,10,594,46
0.2,0.5,5,0.9,10,10,594,46
0.5,0.5,5,0.9,10,10,594,46
0.2,0.9,5,0.9,10,10,594,46
0.5,0.9,5,0.9,10,10,594,46
0.2,0.1,1,0.3,10,20,594,46
0.5,0.1,1,0.3,10,20,594,46
0.2,0.5,1,0.3,10,20,594,46
0.5,0.5,1,0.3,10,20,594,46
0.2,0.9,1,0.3,10,20,594,46
0.5,0.9,1,0.3,10,20,594,46
0.2,0.1,5,0.3,10,20,594,46
0.5,0.1,5,0.3,10,20,594,46
0.2,0.5,5,0.3,10,20,594,46
0.5,0.5,5,0.3,10,20,594,46
0.2,0.9,5,0.3,10,20,594,46
0.5,0.9,5,0.3,10,20,594,46
0.2,0.1,1,0.9,10,20,594,46
0.5,0.1,1,0.9,10,20,594,46
0.2,0.5,1,0.9,10,20,594,46
0.5,0.5,1,0.9,10,20,594,46
0.2,0.9,1,0.9,10,20,594,46
0.5,0.9,1,0.9,10,20,594,46
0.2,0.1,5,0.9,10,20,594,46
0.5,0.1,5,0.9,10,20,594,46
0.2,0.5,5,0.9,10,20,594,46
0.5,0.5,5,0.9,10,20,594,46
0.2,0.9,5,0.9,10,20,594,46
0.5,0.9,5,0.9,10,20,594,46
0.2,0.1,1,0.3,10,10,594,47
0.5,0.1,1,0.3,10,10,594,47
0.2,0.5,1,0.3,10,10,594,47
0.5,0.5,1,0.3,10,10,594,47
0.2,0.9,1,0.3,10,10,594,47
0.5,0.9,1,0.3,10,10,594,47
0.2,0.1,5,0.3,10,10,594,47
0.5,0.1,5,0.3,10,10,594,47
0.2,0.5,5,0.3,10,10,594,47
0.5,0.5,5,0.3,10,10,594,47
0.2,0.9,5,0.3,10,10,594,47
0.5,0.9,5,0.3,10,10,594,47
0.2,0.1,1,0.9,10,10,594,47
0.5,0.1,1,0.9,10,10,594,47
0.2,0.5,1,0.9,10,10,594,47
0.5,0.5,1,0.9,10,10,594,47
0.2,0.9,1,0.9,10,10,594,47
0.5,0.9,1,0.9,10,10,594,47
0.2,0.1,5,0.9,10,10,594,47
0.5,0.1,5,0.9,10,10,594,47
0.2,0.5,5,0.9,10,10,594,47
0.5,0.5,5,0.9,10,10,594,47
0.2,0.9,5,0.9,10,10,594,47
0.5,0.9,5,0.9,10,10,594,47
0.2,0.1,1,0.3,10,20,594,47
0.5,0.1,1,0.3,10,20,594,47
0.2,0.5,1,0.3,10,20,594,47
0.5,0.5,1,0.3,10,20,594,47
0.2,0.9,1,0.3,10,20,594,47
0.5,0.9,1,0.3,10,20,594,47
0.2,0.1,5,0.3,10,20,594,47
0.5,0.1,5,0.3,10,20,594,47
0.2,0.5,5,0.3,10,20,594,47
0.5,0.5,5,0.3,10,20,594,47
0.2,0.9,5,0.3,10,20,594,47
0.5,0.9,5,0.3,10,20,594,47
0.2,0.1,1,0.9,10,20,594,47
0.5,0.1,1,0.9,10,20,594,47
0.2,0.5,1,0.9,10,20,594,47
0.5,0.5,1,0.9,10,20,594,47
0.2,0.9,1,0.9,10,20,594,47
0.5,0.9,1,0.9,10,20,594,47
0.2,0.1,5,0.9,10,20,594,47
0.5,0.1,5,0.9,10,20,594,47
0.2,0.5,5,0.9,10,20,594,47
0.5,0.5,5,0.9,10,20,594,47
0.2,0.9,5,0.9,10,20,594,47
0.5,0.9,5,0.9,10,20,594,47
0.2,0.1,1,0.3,10,10,594,48
0.5,0.1,1,0.3,10,10,594,48
0.2,0.5,1,0.3,10,10,594,48
0.5,0.5,1,0.3,10,10,594,48
0.2,0.9,1,0.3,10,10,594,48
0.5,0.9,1,0.3,10,10,594,48
0.2,0.1,5,0.3,10,10,594,48
0.5,0.1,5,0.3,10,10,594,48
0.2,0.5,5,0.3,10,10,594,48
0.5,0.5,5,0.3,10,10,594,48
0.2,0.9,5,0.3,10,10,594,48
0.5,0.9,5,0.3,10,10,594,48
0.2,0.1,1,0.9,10,10,594,48
0.5,0.1,1,0.9,10,10,594,48
0.2,0.5,1,0.9,10,10,594,48
0.5,0.5,1,0.9,10,10,594,48
0.2,0.9,1,0.9,10,10,594,48
0.5,0.9,1,0.9,10,10,594,48
0.2,0.1,5,0.9,10,10,594,48
0.5,0.1,5,0.9,10,10,594,48
0.2,0.5,5,0.9,10,10,594,48
0.5,0.5,5,0.9,10,10,594,48
0.2,0.9,5,0.9,10,10,594,48
0.5,0.9,5,0.9,10,10,594,48
0.2,0.1,1,0.3,10,20,594,48
0.5,0.1,1,0.3,10,20,594,48
0.2,0.5,1,0.3,10,20,594,48
0.5,0.5,1,0.3,10,20,594,48
0.2,0.9,1,0.3,10,20,594,48
0.5,0.9,1,0.3,10,20,594,48
0.2,0.1,5,0.3,10,20,594,48
0.5,0.1,5,0.3,10,20,594,48
0.2,0.5,5,0.3,10,20,594,48
0.5,0.5,5,0.3,10,20,594,48
0.2,0.9,5,0.3,10,20,594,48
0.5,0.9,5,0.3,10,20,594,48
0.2,0.1,1,0.9,10,20,594,48
0.5,0.1,1,0.9,10,20,594,48
0.2,0.5,1,0.9,10,20,594,48
0.5,0.5,1,0.9,10,20,594,48
0.2,0.9,1,0.9,10,20,594,48
0.5,0.9,1,0.9,10,20,594,48
0.2,0.1,5,0.9,10,20,594,48
0.5,0.1,5,0.9,10,20,594,48
0.2,0.5,5,0.9,10,20,594,48
0.5,0.5,5,0.9,10,20,594,48
0.2,0.9,5,0.9,10,20,594,48
0.5,0.9,5,0.9,10,20,594,48
0.2,0.1,1,0.3,10,10,594,49
0.5,0.1,1,0.3,10,10,594,49
0.2,0.5,1,0.3,10,10,594,49
0.5,0.5,1,0.3,10,10,594,49
0.2,0.9,1,0.3,10,10,594,49
0.5,0.9,1,0.3,10,10,594,49
0.2,0.1,5,0.3,10,10,594,49
0.5,0.1,5,0.3,10,10,594,49
0.2,0.5,5,0.3,10,10,594,49
0.5,0.5,5,0.3,10,10,594,49
0.2,0.9,5,0.3,10,10,594,49
0.5,0.9,5,0.3,10,10,594,49
0.2,0.1,1,0.9,10,10,594,49
0.5,0.1,1,0.9,10,10,594,49
0.2,0.5,1,0.9,10,10,594,49
0.5,0.5,1,0.9,10,10,594,49
0.2,0.9,1,0.9,10,10,594,49
0.5,0.9,1,0.9,10,10,594,49
0.2,0.1,5,0.9,10,10,594,49
0.5,0.1,5,0.9,10,10,594,49
0.2,0.5,5,0.9,10,10,594,49
0.5,0.5,5,0.9,10,10,594,49
0.2,0.9,5,0.9,10,10,594,49
0.5,0.9,5,0.9,10,10,594,49
0.2,0.1,1,0.3,10,20,594,49
0.5,0.1,1,0.3,10,20,594,49
0.2,0.5,1,0.3,10,20,594,49
0.5,0.5,1,0.3,10,20,594,49
0.2,0.9,1,0.3,10,20,594,49
0.5,0.9,1,0.3,10,20,594,49
0.2,0.1,5,0.3,10,20,594,49
0.5,0.1,5,0.3,10,20,594,49
0.2,0.5,5,0.3,10,20,594,49
0.5,0.5,5,0.3,10,20,594,49
0.2,0.9,5,0.3,10,20,594,49
0.5,0.9,5,0.3,10,20,594,49
0.2,0.1,1,0.9,10,20,594,49
0.5,0.1,1,0.9,10,20,594,49
0.2,0.5,1,0.9,10,20,594,49
0.5,0.5,1,0.9,10,20,594,49
0.2,0.9,1,0.9,10,20,594,49
0.5,0.9,1,0.9,10,20,594,49
0.2,0.1,5,0.9,10,20,594,49
0.5,0.1,5,0.9,10,20,594,49
0.2,0.5,5,0.9,10,20,594,49
0.5,0.5,5,0.9,10,20,594,49
0.2,0.9,5,0.9,10,20,594,49
0.5,0.9,5,0.9,10,20,594,49
0.2,0.1,1,0.3,10,10,594,50
0.5,0.1,1,0.3,10,10,594,50
0.2,0.5,1,0.3,10,10,594,50
0.5,0.5,1,0.3,10,10,594,50
0.2,0.9,1,0.3,10,10,594,50
0.5,0.9,1,0.3,10,10,594,50
0.2,0.1,5,0.3,10,10,594,50
0.5,0.1,5,0.3,10,10,594,50
0.2,0.5,5,0.3,10,10,594,50
0.5,0.5,5,0.3,10,10,594,50
0.2,0.9,5,0.3,10,10,594,50
0.5,0.9,5,0.3,10,10,594,50
0.2,0.1,1,0.9,10,10,594,50
0.5,0.1,1,0.9,10,10,594,50
0.2,0.5,1,0.9,10,10,594,50
0.5,0.5,1,0.9,10,10,594,50
0.2,0.9,1,0.9,10,10,594,50
0.5,0.9,1,0.9,10,10,594,50
0.2,0.1,5,0.9,10,10,594,50
0.5,0.1,5,0.9,10,10,594,50
0.2,0.5,5,0.9,10,10,594,50
0.5,0.5,5,0.9,10,10,594,50
0.2,0.9,5,0.9,10,10,594,50
0.5,0.9,5,0.9,10,10,594,50
0.2,0.1,1,0.3,10,20,594,50
0.5,0.1,1,0.3,10,20,594,50
0.2,0.5,1,0.3,10,20,594,50
0.5,0.5,1,0.3,10,20,594,50
0.2,0.9,1,0.3,10,20,594,50
0.5,0.9,1,0.3,10,20,594,50
0.2,0.1,5,0.3,10,20,594,50
0.5,0.1,5,0.3,10,20,594,50
0.2,0.5,5,0.3,10,20,594,50
0.5,0.5,5,0.3,10,20,594,50
0.2,0.9,5,0.3,10,20,594,50
0.5,0.9,5,0.3,10,20,594,50
0.2,0.1,1,0.9,10,20,594,50
0.5,0.1,1,0.9,10,20,594,50
0.2,0.5,1,0.9,10,20,594,50
0.5,0.5,1,0.9,10,20,594,50
0.2,0.9,1,0.9,10,20,594,50
0.5,0.9,1,0.9,10,20,594,50
0.2,0.1,5,0.9,10,20,594,50
0.5,0.1,5,0.9,10,20,594,50
0.2,0.5,5,0.9,10,20,594,50
0.5,0.5,5,0.9,10,20,594,50
0.2,0.9,5,0.9,10,20,594,50
0.5,0.9,5,0.9,10,20,594,50
0.2,0.1,1,0.3,10,10,594,51
0.5,0.1,1,0.3,10,10,594,51
0.2,0.5,1,0.3,10,10,594,51
0.5,0.5,1,0.3,10,10,594,51
0.2,0.9,1,0.3,10,10,594,51
0.5,0.9,1,0.3,10,10,594,51
0.2,0.1,5,0.3,10,10,594,51
0.5,0.1,5,0.3,10,10,594,51
0.2,0.5,5,0.3,10,10,594,51
0.5,0.5,5,0.3,10,10,594,51
0.2,0.9,5,0.3,10,10,594,51
0.5,0.9,5,0.3,10,10,594,51
0.2,0.1,1,0.9,10,10,594,51
0.5,0.1,1,0.9,10,10,594,51
0.2,0.5,1,0.9,10,10,594,51
0.5,0.5,1,0.9,10,10,594,51
0.2,0.9,1,0.9,10,10,594,51
0.5,0.9,1,0.9,10,10,594,51
0.2,0.1,5,0.9,10,10,594,51
0.5,0.1,5,0.9,10,10,594,51
0.2,0.5,5,0.9,10,10,594,51
0.5,0.5,5,0.9,10,10,594,51
0.2,0.9,5,0.9,10,10,594,51
0.5,0.9,5,0.9,10,10,594,51
0.2,0.1,1,0.3,10,20,594,51
0.5,0.1,1,0.3,10,20,594,51
0.2,0.5,1,0.3,10,20,594,51
0.5,0.5,1,0.3,10,20,594,51
0.2,0.9,1,0.3,10,20,594,51
0.5,0.9,1,0.3,10,20,594,51
0.2,0.1,5,0.3,10,20,594,51
0.5,0.1,5,0.3,10,20,594,51
0.2,0.5,5,0.3,10,20,594,51
0.5,0.5,5,0.3,10,20,594,51
0.2,0.9,5,0.3,10,20,594,51
0.5,0.9,5,0.3,10,20,594,51
0.2,0.1,1,0.9,10,20,594,51
0.5,0.1,1,0.9,10,20,594,51
0.2,0.5,1,0.9,10,20,594,51
0.5,0.5,1,0.9,10,20,594,51
0.2,0.9,1,0.9,10,20,594,51
0.5,0.9,1,0.9,10,20,594,51
0.2,0.1,5,0.9,10,20,594,51
0.5,0.1,5,0.9,10,20,594,51
0.2,0.5,5,0.9,10,20,594,51
0.5,0.5,5,0.9,10,20,594,51
0.2,0.9,5,0.9,10,20,594,51
0.5,0.9,5,0.9,10,20,594,51
0.2,0.1,1,0.3,10,10,594,52
0.5,0.1,1,0.3,10,10,594,52
0.2,0.5,1,0.3,10,10,594,52
0.5,0.5,1,0.3,10,10,594,52
0.2,0.9,1,0.3,10,10,594,52
0.5,0.9,1,0.3,10,10,594,52
0.2,0.1,5,0.3,10,10,594,52
0.5,0.1,5,0.3,10,10,594,52
0.2,0.5,5,0.3,10,10,594,52
0.5,0.5,5,0.3,10,10,594,52
0.2,0.9,5,0.3,10,10,594,52
0.5,0.9,5,0.3,10,10,594,52
0.2,0.1,1,0.9,10,10,594,52
0.5,0.1,1,0.9,10,10,594,52
0.2,0.5,1,0.9,10,10,594,52
0.5,0.5,1,0.9,10,10,594,52
0.2,0.9,1,0.9,10,10,594,52
0.5,0.9,1,0.9,10,10,594,52
0.2,0.1,5,0.9,10,10,594,52
0.5,0.1,5,0.9,10,10,594,52
0.2,0.5,5,0.9,10,10,594,52
0.5,0.5,5,0.9,10,10,594,52
0.2,0.9,5,0.9,10,10,594,52
0.5,0.9,5,0.9,10,10,594,52
0.2,0.1,1,0.3,10,20,594,52
0.5,0.1,1,0.3,10,20,594,52
0.2,0.5,1,0.3,10,20,594,52
0.5,0.5,1,0.3,10,20,594,52
0.2,0.9,1,0.3,10,20,594,52
0.5,0.9,1,0.3,10,20,594,52
0.2,0.1,5,0.3,10,20,594,52
0.5,0.1,5,0.3,10,20,594,52
0.2,0.5,5,0.3,10,20,594,52
0.5,0.5,5,0.3,10,20,594,52
0.2,0.9,5,0.3,10,20,594,52
0.5,0.9,5,0.3,10,20,594,52
0.2,0.1,1,0.9,10,20,594,52
0.5,0.1,1,0.9,10,20,594,52
0.2,0.5,1,0.9,10,20,594,52
0.5,0.5,1,0.9,10,20,594,52
0.2,0.9,1,0.9,10,20,594,52
0.5,0.9,1,0.9,10,20,594,52
0.2,0.1,5,0.9,10,20,594,52
0.5,0.1,5,0.9,10,20,594,52
0.2,0.5,5,0.9,10,20,594,52
0.5,0.5,5,0.9,10,20,594,52
0.2,0.9,5,0.9,10,20,594,52
0.5,0.9,5,0.9,10,20,594,52
0.2,0.1,1,0.3,10,10,594,53
0.5,0.1,1,0.3,10,10,594,53
0.2,0.5,1,0.3,10,10,594,53
0.5,0.5,1,0.3,10,10,594,53
0.2,0.9,1,0.3,10,10,594,53
0.5,0.9,1,0.3,10,10,594,53
0.2,0.1,5,0.3,10,10,594,53
0.5,0.1,5,0.3,10,10,594,53
0.2,0.5,5,0.3,10,10,594,53
0.5,0.5,5,0.3,10,10,594,53
0.2,0.9,5,0.3,10,10,594,53
0.5,0.9,5,0.3,10,10,594,53
0.2,0.1,1,0.9,10,10,594,53
0.5,0.1,1,0.9,10,10,594,53
0.2,0.5,1,0.9,10,10,594,53
0.5,0.5,1,0.9,10,10,594,53
0.2,0.9,1,0.9,10,10,594,53
0.5,0.9,1,0.9,10,10,594,53
0.2,0.1,5,0.9,10,10,594,53
0.5,0.1,5,0.9,10,10,594,53
0.2,0.5,5,0.9,10,10,594,53
0.5,0.5,5,0.9,10,10,594,53
0.2,0.9,5,0.9,10,10,594,53
0.5,0.9,5,0.9,10,10,594,53
0.2,0.1,1,0.3,10,20,594,53
0.5,0.1,1,0.3,10,20,594,53
0.2,0.5,1,0.3,10,20,594,53
0.5,0.5,1,0.3,10,20,594,53
0.2,0.9,1,0.3,10,20,594,53
0.5,0.9,1,0.3,10,20,594,53
0.2,0.1,5,0.3,10,20,594,53
0.5,0.1,5,0.3,10,20,594,53
0.2,0.5,5,0.3,10,20,594,53
0.5,0.5,5,0.3,10,20,594,53
0.2,0.9,5,0.3,10,20,594,53
0.5,0.9,5,0.3,10,20,594,53
0.2,0.1,1,0.9,10,20,594,53
0.5,0.1,1,0.9,10,20,594,53
0.2,0.5,1,0.9,10,20,594,53
0.5,0.5,1,0.9,10,20,594,53
0.2,0.9,1,0.9,10,20,594,53
0.5,0.9,1,0.9,10,20,594,53
0.2,0.1,5,0.9,10,20,594,53
0.5,0.1,5,0.9,10,20,594,53
0.2,0.5,5,0.9,10,20,594,53
0.5,0.5,5,0.9,10,20,594,53
0.2,0.9,5,0.9,10,20,594,53
0.5,0.9,5,0.9,10,20,594,53
0.2,0.1,1,0.3,10,10,594,54
0.5,0.1,1,0.3,10,10,594,54
0.2,0.5,1,0.3,10,10,594,54
0.5,0.5,1,0.3,10,10,594,54
0.2,0.9,1,0.3,10,10,594,54
0.5,0.9,1,0.3,10,10,594,54
0.2,0.1,5,0.3,10,10,594,54
0.5,0.1,5,0.3,10,10,594,54
0.2,0.5,5,0.3,10,10,594,54
0.5,0.5,5,0.3,10,10,594,54
0.2,0.9,5,0.3,10,10,594,54
0.5,0.9,5,0.3,10,10,594,54
0.2,0.1,1,0.9,10,10,594,54
0.5,0.1,1,0.9,10,10,594,54
0.2,0.5,1,0.9,10,10,594,54
0.5,0.5,1,0.9,10,10,594,54
0.2,0.9,1,0.9,10,10,594,54
0.5,0.9,1,0.9,10,10,594,54
0.2,0.1,5,0.9,10,10,594,54
0.5,0.1,5,0.9,10,10,594,54
0.2,0.5,5,0.9,10,10,594,54
0.5,0.5,5,0.9,10,10,594,54
0.2,0.9,5,0.9,10,10,594,54
0.5,0.9,5,0.9,10,10,594,54
0.2,0.1,1,0.3,10,20,594,54
0.5,0.1,1,0.3,10,20,594,54
0.2,0.5,1,0.3,10,20,594,54
0.5,0.5,1,0.3,10,20,594,54
0.2,0.9,1,0.3,10,20,594,54
0.5,0.9,1,0.3,10,20,594,54
0.2,0.1,5,0.3,10,20,594,54
0.5,0.1,5,0.3,10,20,594,54
0.2,0.5,5,0.3,10,20,594,54
0.5,0.5,5,0.3,10,20,594,54
0.2,0.9,5,0.3,10,20,594,54
0.5,0.9,5,0.3,10,20,594,54
0.2,0.1,1,0.9,10,20,594,54
0.5,0.1,1,0.9,10,20,594,54
0.2,0.5,1,0.9,10,20,594,54
0.5,0.5,1,0.9,10,20,594,54
0.2,0.9,1,0.9,10,20,594,54
0.5,0.9,1,0.9,10,20,594,54
0.2,0.1,5,0.9,10,20,594,54
0.5,0.1,5,0.9,10,20,594,54
0.2,0.5,5,0.9,10,20,594,54
0.5,0.5,5,0.9,10,20,594,54
0.2,0.9,5,0.9,10,20,594,54
0.5,0.9,5,0.9,10,20,594,54
0.2,0.1,1,0.3,10,10,594,55
0.5,0.1,1,0.3,10,10,594,55
0.2,0.5,1,0.3,10,10,594,55
0.5,0.5,1,0.3,10,10,594,55
0.2,0.9,1,0.3,10,10,594,55
0.5,0.9,1,0.3,10,10,594,55
0.2,0.1,5,0.3,10,10,594,55
0.5,0.1,5,0.3,10,10,594,55
0.2,0.5,5,0.3,10,10,594,55
0.5,0.5,5,0.3,10,10,594,55
0.2,0.9,5,0.3,10,10,594,55
0.5,0.9,5,0.3,10,10,594,55
0.2,0.1,1,0.9,10,10,594,55
0.5,0.1,1,0.9,10,10,594,55
0.2,0.5,1,0.9,10,10,594,55
0.5,0.5,1,0.9,10,10,594,55
0.2,0.9,1,0.9,10,10,594,55
0.5,0.9,1,0.9,10,10,594,55
0.2,0.1,5,0.9,10,10,594,55
0.5,0.1,5,0.9,10,10,594,55
0.2,0.5,5,0.9,10,10,594,55
0.5,0.5,5,0.9,10,10,594,55
0.2,0.9,5,0.9,10,10,594,55
0.5,0.9,5,0.9,10,10,594,55
0.2,0.1,1,0.3,10,20,594,55
0.5,0.1,1,0.3,10,20,594,55
0.2,0.5,1,0.3,10,20,594,55
0.5,0.5,1,0.3,10,20,594,55
0.2,0.9,1,0.3,10,20,594,55
0.5,0.9,1,0.3,10,20,594,55
0.2,0.1,5,0.3,10,20,594,55
0.5,0.1,5,0.3,10,20,594,55
0.2,0.5,5,0.3,10,20,594,55
0.5,0.5,5,0.3,10,20,594,55
0.2,0.9,5,0.3,10,20,594,55
0.5,0.9,5,0.3,10,20,594,55
0.2,0.1,1,0.9,10,20,594,55
0.5,0.1,1,0.9,10,20,594,55
0.2,0.5,1,0.9,10,20,594,55
0.5,0.5,1,0.9,10,20,594,55
0.2,0.9,1,0.9,10,20,594,55
0.5,0.9,1,0.9,10,20,594,55
0.2,0.1,5,0.9,10,20,594,55
0.5,0.1,5,0.9,10,20,594,55
0.2,0.5,5,0.9,10,20,594,55
0.5,0.5,5,0.9,10,20,594,55
0.2,0.9,5,0.9,10,20,594,55
0.5,0.9,5,0.9,10,20,594,55
0.2,0.1,1,0.3,10,10,594,56
0.5,0.1,1,0.3,10,10,594,56
0.2,0.5,1,0.3,10,10,594,56
0.5,0.5,1,0.3,10,10,594,56
0.2,0.9,1,0.3,10,10,594,56
0.5,0.9,1,0.3,10,10,594,56
0.2,0.1,5,0.3,10,10,594,56
0.5,0.1,5,0.3,10,10,594,56
0.2,0.5,5,0.3,10,10,594,56
0.5,0.5,5,0.3,10,10,594,56
0.2,0.9,5,0.3,10,10,594,56
0.5,0.9,5,0.3,10,10,594,56
0.2,0.1,1,0.9,10,10,594,56
0.5,0.1,1,0.9,10,10,594,56
0.2,0.5,1,0.9,10,10,594,56
0.5,0.5,1,0.9,10,10,594,56
0.2,0.9,1,0.9,10,10,594,56
0.5,0.9,1,0.9,10,10,594,56
0.2,0.1,5,0.9,10,10,594,56
0.5,0.1,5,0.9,10,10,594,56
0.2,0.5,5,0.9,10,10,594,56
0.5,0.5,5,0.9,10,10,594,56
0.2,0.9,5,0.9,10,10,594,56
0.5,0.9,5,0.9,10,10,594,56
0.2,0.1,1,0.3,10,20,594,56
0.5,0.1,1,0.3,10,20,594,56
0.2,0.5,1,0.3,10,20,594,56
0.5,0.5,1,0.3,10,20,594,56
0.2,0.9,1,0.3,10,20,594,56
0.5,0.9,1,0.3,10,20,594,56
0.2,0.1,5,0.3,10,20,594,56
0.5,0.1,5,0.3,10,20,594,56
0.2,0.5,5,0.3,10,20,594,56
0.5,0.5,5,0.3,10,20,594,56
0.2,0.9,5,0.3,10,20,594,56
0.5,0.9,5,0.3,10,20,594,56
0.2,0.1,1,0.9,10,20,594,56
0.5,0.1,1,0.9,10,20,594,56
0.2,0.5,1,0.9,10,20,594,56
0.5,0.5,1,0.9,10,20,594,56
0.2,0.9,1,0.9,10,20,594,56
0.5,0.9,1,0.9,10,20,594,56
0.2,0.1,5,0.9,10,20,594,56
0.5,0.1,5,0.9,10,20,594,56
0.2,0.5,5,0.9,10,20,594,56
0.5,0.5,5,0.9,10,20,594,56
0.2,0.9,5,0.9,10,20,594,56
0.5,0.9,5,0.9,10,20,594,56
0.2,0.1,1,0.3,10,10,594,57
0.5,0.1,1,0.3,10,10,594,57
0.2,0.5,1,0.3,10,10,594,57
0.5,0.5,1,0.3,10,10,594,57
0.2,0.9,1,0.3,10,10,594,57
0.5,0.9,1,0.3,10,10,594,57
0.2,0.1,5,0.3,10,10,594,57
0.5,0.1,5,0.3,10,10,594,57
0.2,0.5,5,0.3,10,10,594,57
0.5,0.5,5,0.3,10,10,594,57
0.2,0.9,5,0.3,10,10,594,57
0.5,0.9,5,0.3,10,10,594,57
0.2,0.1,1,0.9,10,10,594,57
0.5,0.1,1,0.9,10,10,594,57
0.2,0.5,1,0.9,10,10,594,57
0.5,0.5,1,0.9,10,10,594,57
0.2,0.9,1,0.9,10,10,594,57
0.5,0.9,1,0.9,10,10,594,57
0.2,0.1,5,0.9,10,10,594,57
0.5,0.1,5,0.9,10,10,594,57
0.2,0.5,5,0.9,10,10,594,57
0.5,0.5,5,0.9,10,10,594,57
0.2,0.9,5,0.9,10,10,594,57
0.5,0.9,5,0.9,10,10,594,57
0.2,0.1,1,0.3,10,20,594,57
0.5,0.1,1,0.3,10,20,594,57
0.2,0.5,1,0.3,10,20,594,57
0.5,0.5,1,0.3,10,20,594,57
0.2,0.9,1,0.3,10,20,594,57
0.5,0.9,1,0.3,10,20,594,57
0.2,0.1,5,0.3,10,20,594,57
0.5,0.1,5,0.3,10,20,594,57
0.2,0.5,5,0.3,10,20,594,57
0.5,0.5,5,0.3,10,20,594,57
0.2,0.9,5,0.3,10,20,594,57
0.5,0.9,5,0.3,10,20,594,57
0.2,0.1,1,0.9,10,20,594,57
0.5,0.1,1,0.9,10,20,594,57
0.2,0.5,1,0.9,10,20,594,57
0.5,0.5,1,0.9,10,20,594,57
0.2,0.9,1,0.9,10,20,594,57
0.5,0.9,1,0.9,10,20,594,57
0.2,0.1,5,0.9,10,20,594,57
0.5,0.1,5,0.9,10,20,594,57
0.2,0.5,5,0.9,10,20,594,57
0.5,0.5,5,0.9,10,20,594,57
0.2,0.9,5,0.9,10,20,594,57
0.5,0.9,5,0.9,10,20,594,57
0.2,0.1,1,0.3,10,10,594,58
0.5,0.1,1,0.3,10,10,594,58
0.2,0.5,1,0.3,10,10,594,58
0.5,0.5,1,0.3,10,10,594,58
0.2,0.9,1,0.3,10,10,594,58
0.5,0.9,1,0.3,10,10,594,58
0.2,0.1,5,0.3,10,10,594,58
0.5,0.1,5,0.3,10,10,594,58
0.2,0.5,5,0.3,10,10,594,58
0.5,0.5,5,0.3,10,10,594,58
0.2,0.9,5,0.3,10,10,594,58
0.5,0.9,5,0.3,10,10,594,58
0.2,0.1,1,0.9,10,10,594,58
0.5,0.1,1,0.9,10,10,594,58
0.2,0.5,1,0.9,10,10,594,58
0.5,0.5,1,0.9,10,10,594,58
0.2,0.9,1,0.9,10,10,594,58
0.5,0.9,1,0.9,10,10,594,58
0.2,0.1,5,0.9,10,10,594,58
0.5,0.1,5,0.9,10,10,594,58
0.2,0.5,5,0.9,10,10,594,58
0.5,0.5,5,0.9,10,10,594,58
0.2,0.9,5,0.9,10,10,594,58
0.5,0.9,5,0.9,10,10,594,58
0.2,0.1,1,0.3,10,20,594,58
0.5,0.1,1,0.3,10,20,594,58
0.2,0.5,1,0.3,10,20,594,58
0.5,0.5,1,0.3,10,20,594,58
0.2,0.9,1,0.3,10,20,594,58
0.5,0.9,1,0.3,10,20,594,58
0.2,0.1,5,0.3,10,20,594,58
0.5,0.1,5,0.3,10,20,594,58
0.2,0.5,5,0.3,10,20,594,58
0.5,0.5,5,0.3,10,20,594,58
0.2,0.9,5,0.3,10,20,594,58
0.5,0.9,5,0.3,10,20,594,58
0.2,0.1,1,0.9,10,20,594,58
0.5,0.1,1,0.9,10,20,594,58
0.2,0.5,1,0.9,10,20,594,58
0.5,0.5,1,0.9,10,20,594,58
0.2,0.9,1,0.9,10,20,594,58
0.5,0.9,1,0.9,10,20,594,58
0.2,0.1,5,0.9,10,20,594,58
0.5,0.1,5,0.9,10,20,594,58
0.2,0.5,5,0.9,10,20,594,58
0.5,0.5,5,0.9,10,20,594,58
0.2,0.9,5,0.9,10,20,594,58
0.5,0.9,5,0.9,10,20,594,58
0.2,0.1,1,0.3,10,10,594,59
0.5,0.1,1,0.3,10,10,594,59
0.2,0.5,1,0.3,10,10,594,59
0.5,0.5,1,0.3,10,10,594,59
0.2,0.9,1,0.3,10,10,594,59
0.5,0.9,1,0.3,10,10,594,59
0.2,0.1,5,0.3,10,10,594,59
0.5,0.1,5,0.3,10,10,594,59
0.2,0.5,5,0.3,10,10,594,59
0.5,0.5,5,0.3,10,10,594,59
0.2,0.9,5,0.3,10,10,594,59
0.5,0.9,5,0.3,10,10,594,59
0.2,0.1,1,0.9,10,10,594,59
0.5,0.1,1,0.9,10,10,594,59
0.2,0.5,1,0.9,10,10,594,59
0.5,0.5,1,0.9,10,10,594,59
0.2,0.9,1,0.9,10,10,594,59
0.5,0.9,1,0.9,10,10,594,59
0.2,0.1,5,0.9,10,10,594,59
0.5,0.1,5,0.9,10,10,594,59
0.2,0.5,5,0.9,10,10,594,59
0.5,0.5,5,0.9,10,10,594,59
0.2,0.9,5,0.9,10,10,594,59
0.5,0.9,5,0.9,10,10,594,59
0.2,0.1,1,0.3,10,20,594,59
0.5,0.1,1,0.3,10,20,594,59
0.2,0.5,1,0.3,10,20,594,59
0.5,0.5,1,0.3,10,20,594,59
0.2,0.9,1,0.3,10,20,594,59
0.5,0.9,1,0.3,10,20,594,59
0.2,0.1,5,0.3,10,20,594,59
0.5,0.1,5,0.3,10,20,594,59
0.2,0.5,5,0.3,10,20,594,59
0.5,0.5,5,0.3,10,20,594,59
0.2,0.9,5,0.3,10,20,594,59
0.5,0.9,5,0.3,10,20,594,59
0.2,0.1,1,0.9,10,20,594,59
0.5,0.1,1,0.9,10,20,594,59
0.2,0.5,1,0.9,10,20,594,59
0.5,0.5,1,0.9,10,20,594,59
0.2,0.9,1,0.9,10,20,594,59
0.5,0.9,1,0.9,10,20,594,59
0.2,0.1,5,0.9,10,20,594,59
0.5,0.1,5,0.9,10,20,594,59
0.2,0.5,5,0.9,10,20,594,59
0.5,0.5,5,0.9,10,20,594,59
0.2,0.9,5,0.9,10,20,594,59
0.5,0.9,5,0.9,10,20,594,59
0.2,0.1,1,0.3,10,10,594,60
0.5,0.1,1,0.3,10,10,594,60
0.2,0.5,1,0.3,10,10,594,60
0.5,0.5,1,0.3,10,10,594,60
0.2,0.9,1,0.3,10,10,594,60
0.5,0.9,1,0.3,10,10,594,60
0.2,0.1,5,0.3,10,10,594,60
0.5,0.1,5,0.3,10,10,594,60
0.2,0.5,5,0.3,10,10,594,60
0.5,0.5,5,0.3,10,10,594,60
0.2,0.9,5,0.3,10,10,594,60
0.5,0.9,5,0.3,10,10,594,60
0.2,0.1,1,0.9,10,10,594,60
0.5,0.1,1,0.9,10,10,594,60
0.2,0.5,1,0.9,10,10,594,60
0.5,0.5,1,0.9,10,10,594,60
0.2,0.9,1,0.9,10,10,594,60
0.5,0.9,1,0.9,10,10,594,60
0.2,0.1,5,0.9,10,10,594,60
0.5,0.1,5,0.9,10,10,594,60
0.2,0.5,5,0.9,10,10,594,60
0.5,0.5,5,0.9,10,10,594,60
0.2,0.9,5,0.9,10,10,594,60
0.5,0.9,5,0.9,10,10,594,60
0.2,0.1,1,0.3,10,20,594,60
0.5,0.1,1,0.3,10,20,594,60
0.2,0.5,1,0.3,10,20,594,60
0.5,0.5,1,0.3,10,20,594,60
0.2,0.9,1,0.3,10,20,594,60
0.5,0.9,1,0.3,10,20,594,60
0.2,0.1,5,0.3,10,20,594,60
0.5,0.1,5,0.3,10,20,594,60
0.2,0.5,5,0.3,10,20,594,60
0.5,0.5,5,0.3,10,20,594,60
0.2,0.9,5,0.3,10,20,594,60
0.5,0.9,5,0.3,10,20,594,60
0.2,0.1,1,0.9,10,20,594,60
0.5,0.1,1,0.9,10,20,594,60
0.2,0.5,1,0.9,10,20,594,60
0.5,0.5,1,0.9,10,20,594,60
0.2,0.9,1,0.9,10,20,594,60
0.5,0.9,1,0.9,10,20,594,60
0.2,0.1,5,0.9,10,20,594,60
0.5,0.1,5,0.9,10,20,594,60
0.2,0.5,5,0.9,10,20,594,60
0.5,0.5,5,0.9,10,20,594,60
0.2,0.9,5,0.9,10,20,594,60
0.5,0.9,5,0.9,10,20,594,60
0.2,0.1,1,0.3,10,10,594,61
0.5,0.1,1,0.3,10,10,594,61
0.2,0.5,1,0.3,10,10,594,61
0.5,0.5,1,0.3,10,10,594,61
0.2,0.9,1,0.3,10,10,594,61
0.5,0.9,1,0.3,10,10,594,61
0.2,0.1,5,0.3,10,10,594,61
0.5,0.1,5,0.3,10,10,594,61
0.2,0.5,5,0.3,10,10,594,61
0.5,0.5,5,0.3,10,10,594,61
0.2,0.9,5,0.3,10,10,594,61
0.5,0.9,5,0.3,10,10,594,61
0.2,0.1,1,0.9,10,10,594,61
0.5,0.1,1,0.9,10,10,594,61
0.2,0.5,1,0.9,10,10,594,61
0.5,0.5,1,0.9,10,10,594,61
0.2,0.9,1,0.9,10,10,594,61
0.5,0.9,1,0.9,10,10,594,61
0.2,0.1,5,0.9,10,10,594,61
0.5,0.1,5,0.9,10,10,594,61
0.2,0.5,5,0.9,10,10,594,61
0.5,0.5,5,0.9,10,10,594,61
0.2,0.9,5,0.9,10,10,594,61
0.5,0.9,5,0.9,10,10,594,61
0.2,0.1,1,0.3,10,20,594,61
0.5,0.1,1,0.3,10,20,594,61
0.2,0.5,1,0.3,10,20,594,61
0.5,0.5,1,0.3,10,20,594,61
0.2,0.9,1,0.3,10,20,594,61
0.5,0.9,1,0.3,10,20,594,61
0.2,0.1,5,0.3,10,20,594,61
0.5,0.1,5,0.3,10,20,594,61
0.2,0.5,5,0.3,10,20,594,61
0.5,0.5,5,0.3,10,20,594,61
0.2,0.9,5,0.3,10,20,594,61
0.5,0.9,5,0.3,10,20,594,61
0.2,0.1,1,0.9,10,20,594,61
0.5,0.1,1,0.9,10,20,594,61
0.2,0.5,1,0.9,10,20,594,61
0.5,0.5,1,0.9,10,20,594,61
0.2,0.9,1,0.9,10,20,594,61
0.5,0.9,1,0.9,10,20,594,61
0.2,0.1,5,0.9,10,20,594,61
0.5,0.1,5,0.9,10,20,594,61
0.2,0.5,5,0.9,10,20,594,61
0.5,0.5,5,0.9,10,20,594,61
0.2,0.9,5,0.9,10,20,594,61
0.5,0.9,5,0.9,10,20,594,61
0.2,0.1,1,0.3,10,10,594,62
0.5,0.1,1,0.3,10,10,594,62
0.2,0.5,1,0.3,10,10,594,62
0.5,0.5,1,0.3,10,10,594,62
0.2,0.9,1,0.3,10,10,594,62
0.5,0.9,1,0.3,10,10,594,62
0.2,0.1,5,0.3,10,10,594,62
0.5,0.1,5,0.3,10,10,594,62
0.2,0.5,5,0.3,10,10,594,62
0.5,0.5,5,0.3,10,10,594,62
0.2,0.9,5,0.3,10,10,594,62
0.5,0.9,5,0.3,10,10,594,62
0.2,0.1,1,0.9,10,10,594,62
0.5,0.1,1,0.9,10,10,594,62
0.2,0.5,1,0.9,10,10,594,62
0.5,0.5,1,0.9,10,10,594,62
0.2,0.9,1,0.9,10,10,594,62
0.5,0.9,1,0.9,10,10,594,62
0.2,0.1,5,0.9,10,10,594,62
0.5,0.1,5,0.9,10,10,594,62
0.2,0.5,5,0.9,10,10,594,62
0.5,0.5,5,0.9,10,10,594,62
0.2,0.9,5,0.9,10,10,594,62
0.5,0.9,5,0.9,10,10,594,62
0.2,0.1,1,0.3,10,20,594,62
0.5,0.1,1,0.3,10,20,594,62
0.2,0.5,1,0.3,10,20,594,62
0.5,0.5,1,0.3,10,20,594,62
0.2,0.9,1,0.3,10,20,594,62
0.5,0.9,1,0.3,10,20,594,62
0.2,0.1,5,0.3,10,20,594,62
0.5,0.1,5,0.3,10,20,594,62
0.2,0.5,5,0.3,10,20,594,62
0.5,0.5,5,0.3,10,20,594,62
0.2,0.9,5,0.3,10,20,594,62
0.5,0.9,5,0.3,10,20,594,62
0.2,0.1,1,0.9,10,20,594,62
0.5,0.1,1,0.9,10,20,594,62
0.2,0.5,1,0.9,10,20,594,62
0.5,0.5,1,0.9,10,20,594,62
0.2,0.9,1,0.9,10,20,594,62
0.5,0.9,1,0.9,10,20,594,62
0.2,0.1,5,0.9,10,20,594,62
0.5,0.1,5,0.9,10,20,594,62
0.2,0.5,5,0.9,10,20,594,62
0.5,0.5,5,0.9,10,20,594,62
0.2,0.9,5,0.9,10,20,594,62
0.5,0.9,5,0.9,10,20,594,62
0.2,0.1,1,0.3,10,10,594,63
0.5,0.1,1,0.3,10,10,594,63
0.2,0.5,1,0.3,10,10,594,63
0.5,0.5,1,0.3,10,10,594,63
0.2,0.9,1,0.3,10,10,594,63
0.5,0.9,1,0.3,10,10,594,63
0.2,0.1,5,0.3,10,10,594,63
0.5,0.1,5,0.3,10,10,594,63
0.2,0.5,5,0.3,10,10,594,63
0.5,0.5,5,0.3,10,10,594,63
0.2,0.9,5,0.3,10,10,594,63
0.5,0.9,5,0.3,10,10,594,63
0.2,0.1,1,0.9,10,10,594,63
0.5,0.1,1,0.9,10,10,594,63
0.2,0.5,1,0.9,10,10,594,63
0.5,0.5,1,0.9,10,10,594,63
0.2,0.9,1,0.9,10,10,594,63
0.5,0.9,1,0.9,10,10,594,63
0.2,0.1,5,0.9,10,10,594,63
0.5,0.1,5,0.9,10,10,594,63
0.2,0.5,5,0.9,10,10,594,63
0.5,0.5,5,0.9,10,10,594,63
0.2,0.9,5,0.9,10,10,594,63
0.5,0.9,5,0.9,10,10,594,63
0.2,0.1,1,0.3,10,20,594,63
0.5,0.1,1,0.3,10,20,594,63
0.2,0.5,1,0.3,10,20,594,63
0.5,0.5,1,0.3,10,20,594,63
0.2,0.9,1,0.3,10,20,594,63
0.5,0.9,1,0.3,10,20,594,63
0.2,0.1,5,0.3,10,20,594,63
0.5,0.1,5,0.3,10,20,594,63
0.2,0.5,5,0.3,10,20,594,63
0.5,0.5,5,0.3,10,20,594,63
0.2,0.9,5,0.3,10,20,594,63
0.5,0.9,5,0.3,10,20,594,63
0.2,0.1,1,0.9,10,20,594,63
0.5,0.1,1,0.9,10,20,594,63
0.2,0.5,1,0.9,10,20,594,63
0.5,0.5,1,0.9,10,20,594,63
0.2,0.9,1,0.9,10,20,594,63
0.5,0.9,1,0.9,10,20,594,63
0.2,0.1,5,0.9,10,20,594,63
0.5,0.1,5,0.9,10,20,594,63
0.2,0.5,5,0.9,10,20,594,63
0.5,0.5,5,0.9,10,20,594,63
0.2,0.9,5,0.9,10,20,594,63
0.5,0.9,5,0.9,10,20,594,63
0.2,0.1,1,0.3,10,10,594,64
0.5,0.1,1,0.3,10,10,594,64
0.2,0.5,1,0.3,10,10,594,64
0.5,0.5,1,0.3,10,10,594,64
0.2,0.9,1,0.3,10,10,594,64
0.5,0.9,1,0.3,10,10,594,64
0.2,0.1,5,0.3,10,10,594,64
0.5,0.1,5,0.3,10,10,594,64
0.2,0.5,5,0.3,10,10,594,64
0.5,0.5,5,0.3,10,10,594,64
0.2,0.9,5,0.3,10,10,594,64
0.5,0.9,5,0.3,10,10,594,64
0.2,0.1,1,0.9,10,10,594,64
0.5,0.1,1,0.9,10,10,594,64
0.2,0.5,1,0.9,10,10,594,64
0.5,0.5,1,0.9,10,10,594,64
0.2,0.9,1,0.9,10,10,594,64
0.5,0.9,1,0.9,10,10,594,64
0.2,0.1,5,0.9,10,10,594,64
0.5,0.1,5,0.9,10,10,594,64
0.2,0.5,5,0.9,10,10,594,64
0.5,0.5,5,0.9,10,10,594,64
0.2,0.9,5,0.9,10,10,594,64
0.5,0.9,5,0.9,10,10,594,64
0.2,0.1,1,0.3,10,20,594,64
0.5,0.1,1,0.3,10,20,594,64
0.2,0.5,1,0.3,10,20,594,64
0.5,0.5,1,0.3,10,20,594,64
0.2,0.9,1,0.3,10,20,594,64
0.5,0.9,1,0.3,10,20,594,64
0.2,0.1,5,0.3,10,20,594,64
0.5,0.1,5,0.3,10,20,594,64
0.2,0.5,5,0.3,10,20,594,64
0.5,0.5,5,0.3,10,20,594,64
0.2,0.9,5,0.3,10,20,594,64
0.5,0.9,5,0.3,10,20,594,64
0.2,0.1,1,0.9,10,20,594,64
0.5,0.1,1,0.9,10,20,594,64
0.2,0.5,1,0.9,10,20,594,64
0.5,0.5,1,0.9,10,20,594,64
0.2,0.9,1,0.9,10,20,594,64
0.5,0.9,1,0.9,10,20,594,64
0.2,0.1,5,0.9,10,20,594,64
0.5,0.1,5,0.9,10,20,594,64
0.2,0.5,5,0.9,10,20,594,64
0.5,0.5,5,0.9,10,20,594,64
0.2,0.9,5,0.9,10,20,594,64
0.5,0.9,5,0.9,10,20,594,64
0.2,0.1,1,0.3,10,10,594,65
0.5,0.1,1,0.3,10,10,594,65
0.2,0.5,1,0.3,10,10,594,65
0.5,0.5,1,0.3,10,10,594,65
0.2,0.9,1,0.3,10,10,594,65
0.5,0.9,1,0.3,10,10,594,65
0.2,0.1,5,0.3,10,10,594,65
0.5,0.1,5,0.3,10,10,594,65
0.2,0.5,5,0.3,10,10,594,65
0.5,0.5,5,0.3,10,10,594,65
0.2,0.9,5,0.3,10,10,594,65
0.5,0.9,5,0.3,10,10,594,65
0.2,0.1,1,0.9,10,10,594,65
0.5,0.1,1,0.9,10,10,594,65
0.2,0.5,1,0.9,10,10,594,65
0.5,0.5,1,0.9,10,10,594,65
0.2,0.9,1,0.9,10,10,594,65
0.5,0.9,1,0.9,10,10,594,65
0.2,0.1,5,0.9,10,10,594,65
0.5,0.1,5,0.9,10,10,594,65
0.2,0.5,5,0.9,10,10,594,65
0.5,0.5,5,0.9,10,10,594,65
0.2,0.9,5,0.9,10,10,594,65
0.5,0.9,5,0.9,10,10,594,65
0.2,0.1,1,0.3,10,20,594,65
0.5,0.1,1,0.3,10,20,594,65
0.2,0.5,1,0.3,10,20,594,65
0.5,0.5,1,0.3,10,20,594,65
0.2,0.9,1,0.3,10,20,594,65
0.5,0.9,1,0.3,10,20,594,65
0.2,0.1,5,0.3,10,20,594,65
0.5,0.1,5,0.3,10,20,594,65
0.2,0.5,5,0.3,10,20,594,65
0.5,0.5,5,0.3,10,20,594,65
0.2,0.9,5,0.3,10,20,594,65
0.5,0.9,5,0.3,10,20,594,65
0.2,0.1,1,0.9,10,20,594,65
0.5,0.1,1,0.9,10,20,594,65
0.2,0.5,1,0.9,10,20,594,65
0.5,0.5,1,0.9,10,20,594,65
0.2,0.9,1,0.9,10,20,594,65
0.5,0.9,1,0.9,10,20,594,65
0.2,0.1,5,0.9,10,20,594,65
0.5,0.1,5,0.9,10,20,594,65
0.2,0.5,5,0.9,10,20,594,65
0.5,0.5,5,0.9,10,20,594,65
0.2,0.9,5,0.9,10,20,594,65
0.5,0.9,5,0.9,10,20,594,65
0.2,0.1,1,0.3,10,10,594,66
0.5,0.1,1,0.3,10,10,594,66
0.2,0.5,1,0.3,10,10,594,66
0.5,0.5,1,0.3,10,10,594,66
0.2,0.9,1,0.3,10,10,594,66
0.5,0.9,1,0.3,10,10,594,66
0.2,0.1,5,0.3,10,10,594,66
0.5,0.1,5,0.3,10,10,594,66
0.2,0.5,5,0.3,10,10,594,66
0.5,0.5,5,0.3,10,10,594,66
0.2,0.9,5,0.3,10,10,594,66
0.5,0.9,5,0.3,10,10,594,66
0.2,0.1,1,0.9,10,10,594,66
0.5,0.1,1,0.9,10,10,594,66
0.2,0.5,1,0.9,10,10,594,66
0.5,0.5,1,0.9,10,10,594,66
0.2,0.9,1,0.9,10,10,594,66
0.5,0.9,1,0.9,10,10,594,66
0.2,0.1,5,0.9,10,10,594,66
0.5,0.1,5,0.9,10,10,594,66
0.2,0.5,5,0.9,10,10,594,66
0.5,0.5,5,0.9,10,10,594,66
0.2,0.9,5,0.9,10,10,594,66
0.5,0.9,5,0.9,10,10,594,66
0.2,0.1,1,0.3,10,20,594,66
0.5,0.1,1,0.3,10,20,594,66
0.2,0.5,1,0.3,10,20,594,66
0.5,0.5,1,0.3,10,20,594,66
0.2,0.9,1,0.3,10,20,594,66
0.5,0.9,1,0.3,10,20,594,66
0.2,0.1,5,0.3,10,20,594,66
0.5,0.1,5,0.3,10,20,594,66
0.2,0.5,5,0.3,10,20,594,66
0.5,0.5,5,0.3,10,20,594,66
0.2,0.9,5,0.3,10,20,594,66
0.5,0.9,5,0.3,10,20,594,66
0.2,0.1,1,0.9,10,20,594,66
0.5,0.1,1,0.9,10,20,594,66
0.2,0.5,1,0.9,10,20,594,66
0.5,0.5,1,0.9,10,20,594,66
0.2,0.9,1,0.9,10,20,594,66
0.5,0.9,1,0.9,10,20,594,66
0.2,0.1,5,0.9,10,20,594,66
0.5,0.1,5,0.9,10,20,594,66
0.2,0.5,5,0.9,10,20,594,66
0.5,0.5,5,0.9,10,20,594,66
0.2,0.9,5,0.9,10,20,594,66
0.5,0.9,5,0.9,10,20,594,66
0.2,0.1,1,0.3,10,10,594,67
0.5,0.1,1,0.3,10,10,594,67
0.2,0.5,1,0.3,10,10,594,67
0.5,0.5,1,0.3,10,10,594,67
0.2,0.9,1,0.3,10,10,594,67
0.5,0.9,1,0.3,10,10,594,67
0.2,0.1,5,0.3,10,10,594,67
0.5,0.1,5,0.3,10,10,594,67
0.2,0.5,5,0.3,10,10,594,67
0.5,0.5,5,0.3,10,10,594,67
0.2,0.9,5,0.3,10,10,594,67
0.5,0.9,5,0.3,10,10,594,67
0.2,0.1,1,0.9,10,10,594,67
0.5,0.1,1,0.9,10,10,594,67
0.2,0.5,1,0.9,10,10,594,67
0.5,0.5,1,0.9,10,10,594,67
0.2,0.9,1,0.9,10,10,594,67
0.5,0.9,1,0.9,10,10,594,67
0.2,0.1,5,0.9,10,10,594,67
0.5,0.1,5,0.9,10,10,594,67
0.2,0.5,5,0.9,10,10,594,67
0.5,0.5,5,0.9,10,10,594,67
0.2,0.9,5,0.9,10,10,594,67
0.5,0.9,5,0.9,10,10,594,67
0.2,0.1,1,0.3,10,20,594,67
0.5,0.1,1,0.3,10,20,594,67
0.2,0.5,1,0.3,10,20,594,67
0.5,0.5,1,0.3,10,20,594,67
0.2,0.9,1,0.3,10,20,594,67
0.5,0.9,1,0.3,10,20,594,67
0.2,0.1,5,0.3,10,20,594,67
0.5,0.1,5,0.3,10,20,594,67
0.2,0.5,5,0.3,10,20,594,67
0.5,0.5,5,0.3,10,20,594,67
0.2,0.9,5,0.3,10,20,594,67
0.5,0.9,5,0.3,10,20,594,67
0.2,0.1,1,0.9,10,20,594,67
0.5,0.1,1,0.9,10,20,594,67
0.2,0.5,1,0.9,10,20,594,67
0.5,0.5,1,0.9,10,20,594,67
0.2,0.9,1,0.9,10,20,594,67
0.5,0.9,1,0.9,10,20,594,67
0.2,0.1,5,0.9,10,20,594,67
0.5,0.1,5,0.9,10,20,594,67
0.2,0.5,5,0.9,10,20,594,67
0.5,0.5,5,0.9,10,20,594,67
0.2,0.9,5,0.9,10,20,594,67
0.5,0.9,5,0.9,10,20,594,67
0.2,0.1,1,0.3,10,10,594,68
0.5,0.1,1,0.3,10,10,594,68
0.2,0.5,1,0.3,10,10,594,68
0.5,0.5,1,0.3,10,10,594,68
0.2,0.9,1,0.3,10,10,594,68
0.5,0.9,1,0.3,10,10,594,68
0.2,0.1,5,0.3,10,10,594,68
0.5,0.1,5,0.3,10,10,594,68
0.2,0.5,5,0.3,10,10,594,68
0.5,0.5,5,0.3,10,10,594,68
0.2,0.9,5,0.3,10,10,594,68
0.5,0.9,5,0.3,10,10,594,68
0.2,0.1,1,0.9,10,10,594,68
0.5,0.1,1,0.9,10,10,594,68
0.2,0.5,1,0.9,10,10,594,68
0.5,0.5,1,0.9,10,10,594,68
0.2,0.9,1,0.9,10,10,594,68
0.5,0.9,1,0.9,10,10,594,68
0.2,0.1,5,0.9,10,10,594,68
0.5,0.1,5,0.9,10,10,594,68
0.2,0.5,5,0.9,10,10,594,68
0.5,0.5,5,0.9,10,10,594,68
0.2,0.9,5,0.9,10,10,594,68
0.5,0.9,5,0.9,10,10,594,68
0.2,0.1,1,0.3,10,20,594,68
0.5,0.1,1,0.3,10,20,594,68
0.2,0.5,1,0.3,10,20,594,68
0.5,0.5,1,0.3,10,20,594,68
0.2,0.9,1,0.3,10,20,594,68
0.5,0.9,1,0.3,10,20,594,68
0.2,0.1,5,0.3,10,20,594,68
0.5,0.1,5,0.3,10,20,594,68
0.2,0.5,5,0.3,10,20,594,68
0.5,0.5,5,0.3,10,20,594,68
0.2,0.9,5,0.3,10,20,594,68
0.5,0.9,5,0.3,10,20,594,68
0.2,0.1,1,0.9,10,20,594,68
0.5,0.1,1,0.9,10,20,594,68
0.2,0.5,1,0.9,10,20,594,68
0.5,0.5,1,0.9,10,20,594,68
0.2,0.9,1,0.9,10,20,594,68
0.5,0.9,1,0.9,10,20,594,68
0.2,0.1,5,0.9,10,20,594,68
0.5,0.1,5,0.9,10,20,594,68
0.2,0.5,5,0.9,10,20,594,68
0.5,0.5,5,0.9,10,20,594,68
0.2,0.9,5,0.9,10,20,594,68
0.5,0.9,5,0.9,10,20,594,68
0.2,0.1,1,0.3,10,10,594,69
0.5,0.1,1,0.3,10,10,594,69
0.2,0.5,1,0.3,10,10,594,69
0.5,0.5,1,0.3,10,10,594,69
0.2,0.9,1,0.3,10,10,594,69
0.5,0.9,1,0.3,10,10,594,69
0.2,0.1,5,0.3,10,10,594,69
0.5,0.1,5,0.3,10,10,594,69
0.2,0.5,5,0.3,10,10,594,69
0.5,0.5,5,0.3,10,10,594,69
0.2,0.9,5,0.3,10,10,594,69
0.5,0.9,5,0.3,10,10,594,69
0.2,0.1,1,0.9,10,10,594,69
0.5,0.1,1,0.9,10,10,594,69
0.2,0.5,1,0.9,10,10,594,69
0.5,0.5,1,0.9,10,10,594,69
0.2,0.9,1,0.9,10,10,594,69
0.5,0.9,1,0.9,10,10,594,69
0.2,0.1,5,0.9,10,10,594,69
0.5,0.1,5,0.9,10,10,594,69
0.2,0.5,5,0.9,10,10,594,69
0.5,0.5,5,0.9,10,10,594,69
0.2,0.9,5,0.9,10,10,594,69
0.5,0.9,5,0.9,10,10,594,69
0.2,0.1,1,0.3,10,20,594,69
0.5,0.1,1,0.3,10,20,594,69
0.2,0.5,1,0.3,10,20,594,69
0.5,0.5,1,0.3,10,20,594,69
0.2,0.9,1,0.3,10,20,594,69
0.5,0.9,1,0.3,10,20,594,69
0.2,0.1,5,0.3,10,20,594,69
0.5,0.1,5,0.3,10,20,594,69
0.2,0.5,5,0.3,10,20,594,69
0.5,0.5,5,0.3,10,20,594,69
0.2,0.9,5,0.3,10,20,594,69
0.5,0.9,5,0.3,10,20,594,69
0.2,0.1,1,0.9,10,20,594,69
0.5,0.1,1,0.9,10,20,594,69
0.2,0.5,1,0.9,10,20,594,69
0.5,0.5,1,0.9,10,20,594,69
0.2,0.9,1,0.9,10,20,594,69
0.5,0.9,1,0.9,10,20,594,69
0.2,0.1,5,0.9,10,20,594,69
0.5,0.1,5,0.9,10,20,594,69
0.2,0.5,5,0.9,10,20,594,69
0.5,0.5,5,0.9,10,20,594,69
0.2,0.9,5,0.9,10,20,594,69
0.5,0.9,5,0.9,10,20,594,69
0.2,0.1,1,0.3,10,10,594,70
0.5,0.1,1,0.3,10,10,594,70
0.2,0.5,1,0.3,10,10,594,70
0.5,0.5,1,0.3,10,10,594,70
0.2,0.9,1,0.3,10,10,594,70
0.5,0.9,1,0.3,10,10,594,70
0.2,0.1,5,0.3,10,10,594,70
0.5,0.1,5,0.3,10,10,594,70
0.2,0.5,5,0.3,10,10,594,70
0.5,0.5,5,0.3,10,10,594,70
0.2,0.9,5,0.3,10,10,594,70
0.5,0.9,5,0.3,10,10,594,70
0.2,0.1,1,0.9,10,10,594,70
0.5,0.1,1,0.9,10,10,594,70
0.2,0.5,1,0.9,10,10,594,70
0.5,0.5,1,0.9,10,10,594,70
0.2,0.9,1,0.9,10,10,594,70
0.5,0.9,1,0.9,10,10,594,70
0.2,0.1,5,0.9,10,10,594,70
0.5,0.1,5,0.9,10,10,594,70
0.2,0.5,5,0.9,10,10,594,70
0.5,0.5,5,0.9,10,10,594,70
0.2,0.9,5,0.9,10,10,594,70
0.5,0.9,5,0.9,10,10,594,70
0.2,0.1,1,0.3,10,20,594,70
0.5,0.1,1,0.3,10,20,594,70
0.2,0.5,1,0.3,10,20,594,70
0.5,0.5,1,0.3,10,20,594,70
0.2,0.9,1,0.3,10,20,594,70
0.5,0.9,1,0.3,10,20,594,70
0.2,0.1,5,0.3,10,20,594,70
0.5,0.1,5,0.3,10,20,594,70
0.2,0.5,5,0.3,10,20,594,70
0.5,0.5,5,0.3,10,20,594,70
0.2,0.9,5,0.3,10,20,594,70
0.5,0.9,5,0.3,10,20,594,70
0.2,0.1,1,0.9,10,20,594,70
0.5,0.1,1,0.9,10,20,594,70
0.2,0.5,1,0.9,10,20,594,70
0.5,0.5,1,0.9,10,20,594,70
0.2,0.9,1,0.9,10,20,594,70
0.5,0.9,1,0.9,10,20,594,70
0.2,0.1,5,0.9,10,20,594,70
0.5,0.1,5,0.9,10,20,594,70
0.2,0.5,5,0.9,10,20,594,70
0.5,0.5,5,0.9,10,20,594,70
0.2,0.9,5,0.9,10,20,594,70
0.5,0.9,5,0.9,10,20,594,70
0.2,0.1,1,0.3,10,10,594,71
0.5,0.1,1,0.3,10,10,594,71
0.2,0.5,1,0.3,10,10,594,71
0.5,0.5,1,0.3,10,10,594,71
0.2,0.9,1,0.3,10,10,594,71
0.5,0.9,1,0.3,10,10,594,71
0.2,0.1,5,0.3,10,10,594,71
0.5,0.1,5,0.3,10,10,594,71
0.2,0.5,5,0.3,10,10,594,71
0.5,0.5,5,0.3,10,10,594,71
0.2,0.9,5,0.3,10,10,594,71
0.5,0.9,5,0.3,10,10,594,71
0.2,0.1,1,0.9,10,10,594,71
0.5,0.1,1,0.9,10,10,594,71
0.2,0.5,1,0.9,10,10,594,71
0.5,0.5,1,0.9,10,10,594,71
0.2,0.9,1,0.9,10,10,594,71
0.5,0.9,1,0.9,10,10,594,71
0.2,0.1,5,0.9,10,10,594,71
0.5,0.1,5,0.9,10,10,594,71
0.2,0.5,5,0.9,10,10,594,71
0.5,0.5,5,0.9,10,10,594,71
0.2,0.9,5,0.9,10,10,594,71
0.5,0.9,5,0.9,10,10,594,71
0.2,0.1,1,0.3,10,20,594,71
0.5,0.1,1,0.3,10,20,594,71
0.2,0.5,1,0.3,10,20,594,71
0.5,0.5,1,0.3,10,20,594,71
0.2,0.9,1,0.3,10,20,594,71
0.5,0.9,1,0.3,10,20,594,71
0.2,0.1,5,0.3,10,20,594,71
0.5,0.1,5,0.3,10,20,594,71
0.2,0.5,5,0.3,10,20,594,71
0.5,0.5,5,0.3,10,20,594,71
0.2,0.9,5,0.3,10,20,594,71
0.5,0.9,5,0.3,10,20,594,71
0.2,0.1,1,0.9,10,20,594,71
0.5,0.1,1,0.9,10,20,594,71
0.2,0.5,1,0.9,10,20,594,71
0.5,0.5,1,0.9,10,20,594,71
0.2,0.9,1,0.9,10,20,594,71
0.5,0.9,1,0.9,10,20,594,71
0.2,0.1,5,0.9,10,20,594,71
0.5,0.1,5,0.9,10,20,594,71
0.2,0.5,5,0.9,10,20,594,71
0.5,0.5,5,0.9,10,20,594,71
0.2,0.9,5,0.9,10,20,594,71
0.5,0.9,5,0.9,10,20,594,71
0.2,0.1,1,0.3,10,10,594,72
0.5,0.1,1,0.3,10,10,594,72
0.2,0.5,1,0.3,10,10,594,72
0.5,0.5,1,0.3,10,10,594,72
0.2,0.9,1,0.3,10,10,594,72
0.5,0.9,1,0.3,10,10,594,72
0.2,0.1,5,0.3,10,10,594,72
0.5,0.1,5,0.3,10,10,594,72
0.2,0.5,5,0.3,10,10,594,72
0.5,0.5,5,0.3,10,10,594,72
0.2,0.9,5,0.3,10,10,594,72
0.5,0.9,5,0.3,10,10,594,72
0.2,0.1,1,0.9,10,10,594,72
0.5,0.1,1,0.9,10,10,594,72
0.2,0.5,1,0.9,10,10,594,72
0.5,0.5,1,0.9,10,10,594,72
0.2,0.9,1,0.9,10,10,594,72
0.5,0.9,1,0.9,10,10,594,72
0.2,0.1,5,0.9,10,10,594,72
0.5,0.1,5,0.9,10,10,594,72
0.2,0.5,5,0.9,10,10,594,72
0.5,0.5,5,0.9,10,10,594,72
0.2,0.9,5,0.9,10,10,594,72
0.5,0.9,5,0.9,10,10,594,72
0.2,0.1,1,0.3,10,20,594,72
0.5,0.1,1,0.3,10,20,594,72
0.2,0.5,1,0.3,10,20,594,72
0.5,0.5,1,0.3,10,20,594,72
0.2,0.9,1,0.3,10,20,594,72
0.5,0.9,1,0.3,10,20,594,72
0.2,0.1,5,0.3,10,20,594,72
0.5,0.1,5,0.3,10,20,594,72
0.2,0.5,5,0.3,10,20,594,72
0.5,0.5,5,0.3,10,20,594,72
0.2,0.9,5,0.3,10,20,594,72
0.5,0.9,5,0.3,10,20,594,72
0.2,0.1,1,0.9,10,20,594,72
0.5,0.1,1,0.9,10,20,594,72
0.2,0.5,1,0.9,10,20,594,72
0.5,0.5,1,0.9,10,20,594,72
0.2,0.9,1,0.9,10,20,594,72
0.5,0.9,1,0.9,10,20,594,72
0.2,0.1,5,0.9,10,20,594,72
0.5,0.1,5,0.9,10,20,594,72
0.2,0.5,5,0.9,10,20,594,72
0.5,0.5,5,0.9,10,20,594,72
0.2,0.9,5,0.9,10,20,594,72
0.5,0.9,5,0.9,10,20,594,72
0.2,0.1,1,0.3,10,10,594,73
0.5,0.1,1,0.3,10,10,594,73
0.2,0.5,1,0.3,10,10,594,73
0.5,0.5,1,0.3,10,10,594,73
0.2,0.9,1,0.3,10,10,594,73
0.5,0.9,1,0.3,10,10,594,73
0.2,0.1,5,0.3,10,10,594,73
0.5,0.1,5,0.3,10,10,594,73
0.2,0.5,5,0.3,10,10,594,73
0.5,0.5,5,0.3,10,10,594,73
0.2,0.9,5,0.3,10,10,594,73
0.5,0.9,5,0.3,10,10,594,73
0.2,0.1,1,0.9,10,10,594,73
0.5,0.1,1,0.9,10,10,594,73
0.2,0.5,1,0.9,10,10,594,73
0.5,0.5,1,0.9,10,10,594,73
0.2,0.9,1,0.9,10,10,594,73
0.5,0.9,1,0.9,10,10,594,73
0.2,0.1,5,0.9,10,10,594,73
0.5,0.1,5,0.9,10,10,594,73
0.2,0.5,5,0.9,10,10,594,73
0.5,0.5,5,0.9,10,10,594,73
0.2,0.9,5,0.9,10,10,594,73
0.5,0.9,5,0.9,10,10,594,73
0.2,0.1,1,0.3,10,20,594,73
0.5,0.1,1,0.3,10,20,594,73
0.2,0.5,1,0.3,10,20,594,73
0.5,0.5,1,0.3,10,20,594,73
0.2,0.9,1,0.3,10,20,594,73
0.5,0.9,1,0.3,10,20,594,73
0.2,0.1,5,0.3,10,20,594,73
0.5,0.1,5,0.3,10,20,594,73
0.2,0.5,5,0.3,10,20,594,73
0.5,0.5,5,0.3,10,20,594,73
0.2,0.9,5,0.3,10,20,594,73
0.5,0.9,5,0.3,10,20,594,73
0.2,0.1,1,0.9,10,20,594,73
0.5,0.1,1,0.9,10,20,594,73
0.2,0.5,1,0.9,10,20,594,73
0.5,0.5,1,0.9,10,20,594,73
0.2,0.9,1,0.9,10,20,594,73
0.5,0.9,1,0.9,10,20,594,73
0.2,0.1,5,0.9,10,20,594,73
0.5,0.1,5,0.9,10,20,594,73
0.2,0.5,5,0.9,10,20,594,73
0.5,0.5,5,0.9,10,20,594,73
0.2,0.9,5,0.9,10,20,594,73
0.5,0.9,5,0.9,10,20,594,73
0.2,0.1,1,0.3,10,10,594,74
0.5,0.1,1,0.3,10,10,594,74
0.2,0.5,1,0.3,10,10,594,74
0.5,0.5,1,0.3,10,10,594,74
0.2,0.9,1,0.3,10,10,594,74
0.5,0.9,1,0.3,10,10,594,74
0.2,0.1,5,0.3,10,10,594,74
0.5,0.1,5,0.3,10,10,594,74
0.2,0.5,5,0.3,10,10,594,74
0.5,0.5,5,0.3,10,10,594,74
0.2,0.9,5,0.3,10,10,594,74
0.5,0.9,5,0.3,10,10,594,74
0.2,0.1,1,0.9,10,10,594,74
0.5,0.1,1,0.9,10,10,594,74
0.2,0.5,1,0.9,10,10,594,74
0.5,0.5,1,0.9,10,10,594,74
0.2,0.9,1,0.9,10,10,594,74
0.5,0.9,1,0.9,10,10,594,74
0.2,0.1,5,0.9,10,10,594,74
0.5,0.1,5,0.9,10,10,594,74
0.2,0.5,5,0.9,10,10,594,74
0.5,0.5,5,0.9,10,10,594,74
0.2,0.9,5,0.9,10,10,594,74
0.5,0.9,5,0.9,10,10,594,74
0.2,0.1,1,0.3,10,20,594,74
0.5,0.1,1,0.3,10,20,594,74
0.2,0.5,1,0.3,10,20,594,74
0.5,0.5,1,0.3,10,20,594,74
0.2,0.9,1,0.3,10,20,594,74
0.5,0.9,1,0.3,10,20,594,74
0.2,0.1,5,0.3,10,20,594,74
0.5,0.1,5,0.3,10,20,594,74
0.2,0.5,5,0.3,10,20,594,74
0.5,0.5,5,0.3,10,20,594,74
0.2,0.9,5,0.3,10,20,594,74
0.5,0.9,5,0.3,10,20,594,74
0.2,0.1,1,0.9,10,20,594,74
0.5,0.1,1,0.9,10,20,594,74
0.2,0.5,1,0.9,10,20,594,74
0.5,0.5,1,0.9,10,20,594,74
0.2,0.9,1,0.9,10,20,594,74
0.5,0.9,1,0.9,10,20,594,74
0.2,0.1,5,0.9,10,20,594,74
0.5,0.1,5,0.9,10,20,594,74
0.2,0.5,5,0.9,10,20,594,74
0.5,0.5,5,0.9,10,20,594,74
0.2,0.9,5,0.9,10,20,594,74
0.5,0.9,5,0.9,10,20,594,74
0.2,0.1,1,0.3,10,10,594,75
0.5,0.1,1,0.3,10,10,594,75
0.2,0.5,1,0.3,10,10,594,75
0.5,0.5,1,0.3,10,10,594,75
0.2,0.9,1,0.3,10,10,594,75
0.5,0.9,1,0.3,10,10,594,75
0.2,0.1,5,0.3,10,10,594,75
0.5,0.1,5,0.3,10,10,594,75
0.2,0.5,5,0.3,10,10,594,75
0.5,0.5,5,0.3,10,10,594,75
0.2,0.9,5,0.3,10,10,594,75
0.5,0.9,5,0.3,10,10,594,75
0.2,0.1,1,0.9,10,10,594,75
0.5,0.1,1,0.9,10,10,594,75
0.2,0.5,1,0.9,10,10,594,75
0.5,0.5,1,0.9,10,10,594,75
0.2,0.9,1,0.9,10,10,594,75
0.5,0.9,1,0.9,10,10,594,75
0.2,0.1,5,0.9,10,10,594,75
0.5,0.1,5,0.9,10,10,594,75
0.2,0.5,5,0.9,10,10,594,75
0.5,0.5,5,0.9,10,10,594,75
0.2,0.9,5,0.9,10,10,594,75
0.5,0.9,5,0.9,10,10,594,75
0.2,0.1,1,0.3,10,20,594,75
0.5,0.1,1,0.3,10,20,594,75
0.2,0.5,1,0.3,10,20,594,75
0.5,0.5,1,0.3,10,20,594,75
0.2,0.9,1,0.3,10,20,594,75
0.5,0.9,1,0.3,10,20,594,75
0.2,0.1,5,0.3,10,20,594,75
0.5,0.1,5,0.3,10,20,594,75
0.2,0.5,5,0.3,10,20,594,75
0.5,0.5,5,0.3,10,20,594,75
0.2,0.9,5,0.3,10,20,594,75
0.5,0.9,5,0.3,10,20,594,75
0.2,0.1,1,0.9,10,20,594,75
0.5,0.1,1,0.9,10,20,594,75
0.2,0.5,1,0.9,10,20,594,75
0.5,0.5,1,0.9,10,20,594,75
0.2,0.9,1,0.9,10,20,594,75
0.5,0.9,1,0.9,10,20,594,75
0.2,0.1,5,0.9,10,20,594,75
0.5,0.1,5,0.9,10,20,594,75
0.2,0.5,5,0.9,10,20,594,75
0.5,0.5,5,0.9,10,20,594,75
0.2,0.9,5,0.9,10,20,594,75
0.5,0.9,5,0.9,10,20,594,75
0.2,0.1,1,0.3,10,10,594,76
0.5,0.1,1,0.3,10,10,594,76
0.2,0.5,1,0.3,10,10,594,76
0.5,0.5,1,0.3,10,10,594,76
0.2,0.9,1,0.3,10,10,594,76
0.5,0.9,1,0.3,10,10,594,76
0.2,0.1,5,0.3,10,10,594,76
0.5,0.1,5,0.3,10,10,594,76
0.2,0.5,5,0.3,10,10,594,76
0.5,0.5,5,0.3,10,10,594,76
0.2,0.9,5,0.3,10,10,594,76
0.5,0.9,5,0.3,10,10,594,76
0.2,0.1,1,0.9,10,10,594,76
0.5,0.1,1,0.9,10,10,594,76
0.2,0.5,1,0.9,10,10,594,76
0.5,0.5,1,0.9,10,10,594,76
0.2,0.9,1,0.9,10,10,594,76
0.5,0.9,1,0.9,10,10,594,76
0.2,0.1,5,0.9,10,10,594,76
0.5,0.1,5,0.9,10,10,594,76
0.2,0.5,5,0.9,10,10,594,76
0.5,0.5,5,0.9,10,10,594,76
0.2,0.9,5,0.9,10,10,594,76
0.5,0.9,5,0.9,10,10,594,76
0.2,0.1,1,0.3,10,20,594,76
0.5,0.1,1,0.3,10,20,594,76
0.2,0.5,1,0.3,10,20,594,76
0.5,0.5,1,0.3,10,20,594,76
0.2,0.9,1,0.3,10,20,594,76
0.5,0.9,1,0.3,10,20,594,76
0.2,0.1,5,0.3,10,20,594,76
0.5,0.1,5,0.3,10,20,594,76
0.2,0.5,5,0.3,10,20,594,76
0.5,0.5,5,0.3,10,20,594,76
0.2,0.9,5,0.3,10,20,594,76
0.5,0.9,5,0.3,10,20,594,76
0.2,0.1,1,0.9,10,20,594,76
0.5,0.1,1,0.9,10,20,594,76
0.2,0.5,1,0.9,10,20,594,76
0.5,0.5,1,0.9,10,20,594,76
0.2,0.9,1,0.9,10,20,594,76
0.5,0.9,1,0.9,10,20,594,76
0.2,0.1,5,0.9,10,20,594,76
0.5,0.1,5,0.9,10,20,594,76
0.2,0.5,5,0.9,10,20,594,76
0.5,0.5,5,0.9,10,20,594,76
0.2,0.9,5,0.9,10,20,594,76
0.5,0.9,5,0.9,10,20,594,76
0.2,0.1,1,0.3,10,10,594,77
0.5,0.1,1,0.3,10,10,594,77
0.2,0.5,1,0.3,10,10,594,77
0.5,0.5,1,0.3,10,10,594,77
0.2,0.9,1,0.3,10,10,594,77
0.5,0.9,1,0.3,10,10,594,77
0.2,0.1,5,0.3,10,10,594,77
0.5,0.1,5,0.3,10,10,594,77
0.2,0.5,5,0.3,10,10,594,77
0.5,0.5,5,0.3,10,10,594,77
0.2,0.9,5,0.3,10,10,594,77
0.5,0.9,5,0.3,10,10,594,77
0.2,0.1,1,0.9,10,10,594,77
0.5,0.1,1,0.9,10,10,594,77
0.2,0.5,1,0.9,10,10,594,77
0.5,0.5,1,0.9,10,10,594,77
0.2,0.9,1,0.9,10,10,594,77
0.5,0.9,1,0.9,10,10,594,77
0.2,0.1,5,0.9,10,10,594,77
0.5,0.1,5,0.9,10,10,594,77
0.2,0.5,5,0.9,10,10,594,77
0.5,0.5,5,0.9,10,10,594,77
0.2,0.9,5,0.9,10,10,594,77
0.5,0.9,5,0.9,10,10,594,77
0.2,0.1,1,0.3,10,20,594,77
0.5,0.1,1,0.3,10,20,594,77
0.2,0.5,1,0.3,10,20,594,77
0.5,0.5,1,0.3,10,20,594,77
0.2,0.9,1,0.3,10,20,594,77
0.5,0.9,1,0.3,10,20,594,77
0.2,0.1,5,0.3,10,20,594,77
0.5,0.1,5,0.3,10,20,594,77
0.2,0.5,5,0.3,10,20,594,77
0.5,0.5,5,0.3,10,20,594,77
0.2,0.9,5,0.3,10,20,594,77
0.5,0.9,5,0.3,10,20,594,77
0.2,0.1,1,0.9,10,20,594,77
0.5,0.1,1,0.9,10,20,594,77
0.2,0.5,1,0.9,10,20,594,77
0.5,0.5,1,0.9,10,20,594,77
0.2,0.9,1,0.9,10,20,594,77
0.5,0.9,1,0.9,10,20,594,77
0.2,0.1,5,0.9,10,20,594,77
0.5,0.1,5,0.9,10,20,594,77
0.2,0.5,5,0.9,10,20,594,77
0.5,0.5,5,0.9,10,20,594,77
0.2,0.9,5,0.9,10,20,594,77
0.5,0.9,5,0.9,10,20,594,77
0.2,0.1,1,0.3,10,10,594,78
0.5,0.1,1,0.3,10,10,594,78
0.2,0.5,1,0.3,10,10,594,78
0.5,0.5,1,0.3,10,10,594,78
0.2,0.9,1,0.3,10,10,594,78
0.5,0.9,1,0.3,10,10,594,78
0.2,0.1,5,0.3,10,10,594,78
0.5,0.1,5,0.3,10,10,594,78
0.2,0.5,5,0.3,10,10,594,78
0.5,0.5,5,0.3,10,10,594,78
0.2,0.9,5,0.3,10,10,594,78
0.5,0.9,5,0.3,10,10,594,78
0.2,0.1,1,0.9,10,10,594,78
0.5,0.1,1,0.9,10,10,594,78
0.2,0.5,1,0.9,10,10,594,78
0.5,0.5,1,0.9,10,10,594,78
0.2,0.9,1,0.9,10,10,594,78
0.5,0.9,1,0.9,10,10,594,78
0.2,0.1,5,0.9,10,10,594,78
0.5,0.1,5,0.9,10,10,594,78
0.2,0.5,5,0.9,10,10,594,78
0.5,0.5,5,0.9,10,10,594,78
0.2,0.9,5,0.9,10,10,594,78
0.5,0.9,5,0.9,10,10,594,78
0.2,0.1,1,0.3,10,20,594,78
0.5,0.1,1,0.3,10,20,594,78
0.2,0.5,1,0.3,10,20,594,78
0.5,0.5,1,0.3,10,20,594,78
0.2,0.9,1,0.3,10,20,594,78
0.5,0.9,1,0.3,10,20,594,78
0.2,0.1,5,0.3,10,20,594,78
0.5,0.1,5,0.3,10,20,594,78
0.2,0.5,5,0.3,10,20,594,78
0.5,0.5,5,0.3,10,20,594,78
0.2,0.9,5,0.3,10,20,594,78
0.5,0.9,5,0.3,10,20,594,78
0.2,0.1,1,0.9,10,20,594,78
0.5,0.1,1,0.9,10,20,594,78
0.2,0.5,1,0.9,10,20,594,78
0.5,0.5,1,0.9,10,20,594,78
0.2,0.9,1,0.9,10,20,594,78
0.5,0.9,1,0.9,10,20,594,78
0.2,0.1,5,0.9,10,20,594,78
0.5,0.1,5,0.9,10,20,594,78
0.2,0.5,5,0.9,10,20,594,78
0.5,0.5,5,0.9,10,20,594,78
0.2,0.9,5,0.9,10,20,594,78
0.5,0.9,5,0.9,10,20,594,78
0.2,0.1,1,0.3,10,10,594,79
0.5,0.1,1,0.3,10,10,594,79
0.2,0.5,1,0.3,10,10,594,79
0.5,0.5,1,0.3,10,10,594,79
0.2,0.9,1,0.3,10,10,594,79
0.5,0.9,1,0.3,10,10,594,79
0.2,0.1,5,0.3,10,10,594,79
0.5,0.1,5,0.3,10,10,594,79
0.2,0.5,5,0.3,10,10,594,79
0.5,0.5,5,0.3,10,10,594,79
0.2,0.9,5,0.3,10,10,594,79
0.5,0.9,5,0.3,10,10,594,79
0.2,0.1,1,0.9,10,10,594,79
0.5,0.1,1,0.9,10,10,594,79
0.2,0.5,1,0.9,10,10,594,79
0.5,0.5,1,0.9,10,10,594,79
0.2,0.9,1,0.9,10,10,594,79
0.5,0.9,1,0.9,10,10,594,79
0.2,0.1,5,0.9,10,10,594,79
0.5,0.1,5,0.9,10,10,594,79
0.2,0.5,5,0.9,10,10,594,79
0.5,0.5,5,0.9,10,10,594,79
0.2,0.9,5,0.9,10,10,594,79
0.5,0.9,5,0.9,10,10,594,79
0.2,0.1,1,0.3,10,20,594,79
0.5,0.1,1,0.3,10,20,594,79
0.2,0.5,1,0.3,10,20,594,79
0.5,0.5,1,0.3,10,20,594,79
0.2,0.9,1,0.3,10,20,594,79
0.5,0.9,1,0.3,10,20,594,79
0.2,0.1,5,0.3,10,20,594,79
0.5,0.1,5,0.3,10,20,594,79
0.2,0.5,5,0.3,10,20,594,79
0.5,0.5,5,0.3,10,20,594,79
0.2,0.9,5,0.3,10,20,594,79
0.5,0.9,5,0.3,10,20,594,79
0.2,0.1,1,0.9,10,20,594,79
0.5,0.1,1,0.9,10,20,594,79
0.2,0.5,1,0.9,10,20,594,79
0.5,0.5,1,0.9,10,20,594,79
0.2,0.9,1,0.9,10,20,594,79
0.5,0.9,1,0.9,10,20,594,79
0.2,0.1,5,0.9,10,20,594,79
0.5,0.1,5,0.9,10,20,594,79
0.2,0.5,5,0.9,10,20,594,79
0.5,0.5,5,0.9,10,20,594,79
0.2,0.9,5,0.9,10,20,594,79
0.5,0.9,5,0.9,10,20,594,79
0.2,0.1,1,0.3,10,10,594,80
0.5,0.1,1,0.3,10,10,594,80
0.2,0.5,1,0.3,10,10,594,80
0.5,0.5,1,0.3,10,10,594,80
0.2,0.9,1,0.3,10,10,594,80
0.5,0.9,1,0.3,10,10,594,80
0.2,0.1,5,0.3,10,10,594,80
0.5,0.1,5,0.3,10,10,594,80
0.2,0.5,5,0.3,10,10,594,80
0.5,0.5,5,0.3,10,10,594,80
0.2,0.9,5,0.3,10,10,594,80
0.5,0.9,5,0.3,10,10,594,80
0.2,0.1,1,0.9,10,10,594,80
0.5,0.1,1,0.9,10,10,594,80
0.2,0.5,1,0.9,10,10,594,80
0.5,0.5,1,0.9,10,10,594,80
0.2,0.9,1,0.9,10,10,594,80
0.5,0.9,1,0.9,10,10,594,80
0.2,0.1,5,0.9,10,10,594,80
0.5,0.1,5,0.9,10,10,594,80
0.2,0.5,5,0.9,10,10,594,80
0.5,0.5,5,0.9,10,10,594,80
0.2,0.9,5,0.9,10,10,594,80
0.5,0.9,5,0.9,10,10,594,80
0.2,0.1,1,0.3,10,20,594,80
0.5,0.1,1,0.3,10,20,594,80
0.2,0.5,1,0.3,10,20,594,80
0.5,0.5,1,0.3,10,20,594,80
0.2,0.9,1,0.3,10,20,594,80
0.5,0.9,1,0.3,10,20,594,80
0.2,0.1,5,0.3,10,20,594,80
0.5,0.1,5,0.3,10,20,594,80
0.2,0.5,5,0.3,10,20,594,80
0.5,0.5,5,0.3,10,20,594,80
0.2,0.9,5,0.3,10,20,594,80
0.5,0.9,5,0.3,10,20,594,80
0.2,0.1,1,0.9,10,20,594,80
0.5,0.1,1,0.9,10,20,594,80
0.2,0.5,1,0.9,10,20,594,80
0.5,0.5,1,0.9,10,20,594,80
0.2,0.9,1,0.9,10,20,594,80
0.5,0.9,1,0.9,10,20,594,80
0.2,0.1,5,0.9,10,20,594,80
0.5,0.1,5,0.9,10,20,594,80
0.2,0.5,5,0.9,10,20,594,80
0.5,0.5,5,0.9,10,20,594,80
0.2,0.9,5,0.9,10,20,594,80
0.5,0.9,5,0.9,10,20,594,80
0.2,0.1,1,0.3,10,10,594,81
0.5,0.1,1,0.3,10,10,594,81
0.2,0.5,1,0.3,10,10,594,81
0.5,0.5,1,0.3,10,10,594,81
0.2,0.9,1,0.3,10,10,594,81
0.5,0.9,1,0.3,10,10,594,81
0.2,0.1,5,0.3,10,10,594,81
0.5,0.1,5,0.3,10,10,594,81
0.2,0.5,5,0.3,10,10,594,81
0.5,0.5,5,0.3,10,10,594,81
0.2,0.9,5,0.3,10,10,594,81
0.5,0.9,5,0.3,10,10,594,81
0.2,0.1,1,0.9,10,10,594,81
0.5,0.1,1,0.9,10,10,594,81
0.2,0.5,1,0.9,10,10,594,81
0.5,0.5,1,0.9,10,10,594,81
0.2,0.9,1,0.9,10,10,594,81
0.5,0.9,1,0.9,10,10,594,81
0.2,0.1,5,0.9,10,10,594,81
0.5,0.1,5,0.9,10,10,594,81
0.2,0.5,5,0.9,10,10,594,81
0.5,0.5,5,0.9,10,10,594,81
0.2,0.9,5,0.9,10,10,594,81
0.5,0.9,5,0.9,10,10,594,81
0.2,0.1,1,0.3,10,20,594,81
0.5,0.1,1,0.3,10,20,594,81
0.2,0.5,1,0.3,10,20,594,81
0.5,0.5,1,0.3,10,20,594,81
0.2,0.9,1,0.3,10,20,594,81
0.5,0.9,1,0.3,10,20,594,81
0.2,0.1,5,0.3,10,20,594,81
0.5,0.1,5,0.3,10,20,594,81
0.2,0.5,5,0.3,10,20,594,81
0.5,0.5,5,0.3,10,20,594,81
0.2,0.9,5,0.3,10,20,594,81
0.5,0.9,5,0.3,10,20,594,81
0.2,0.1,1,0.9,10,20,594,81
0.5,0.1,1,0.9,10,20,594,81
0.2,0.5,1,0.9,10,20,594,81
0.5,0.5,1,0.9,10,20,594,81
0.2,0.9,1,0.9,10,20,594,81
0.5,0.9,1,0.9,10,20,594,81
0.2,0.1,5,0.9,10,20,594,81
0.5,0.1,5,0.9,10,20,594,81
0.2,0.5,5,0.9,10,20,594,81
0.5,0.5,5,0.9,10,20,594,81
0.2,0.9,5,0.9,10,20,594,81
0.5,0.9,5,0.9,10,20,594,81
0.2,0.1,1,0.3,10,10,594,82
0.5,0.1,1,0.3,10,10,594,82
0.2,0.5,1,0.3,10,10,594,82
0.5,0.5,1,0.3,10,10,594,82
0.2,0.9,1,0.3,10,10,594,82
0.5,0.9,1,0.3,10,10,594,82
0.2,0.1,5,0.3,10,10,594,82
0.5,0.1,5,0.3,10,10,594,82
0.2,0.5,5,0.3,10,10,594,82
0.5,0.5,5,0.3,10,10,594,82
0.2,0.9,5,0.3,10,10,594,82
0.5,0.9,5,0.3,10,10,594,82
0.2,0.1,1,0.9,10,10,594,82
0.5,0.1,1,0.9,10,10,594,82
0.2,0.5,1,0.9,10,10,594,82
0.5,0.5,1,0.9,10,10,594,82
0.2,0.9,1,0.9,10,10,594,82
0.5,0.9,1,0.9,10,10,594,82
0.2,0.1,5,0.9,10,10,594,82
0.5,0.1,5,0.9,10,10,594,82
0.2,0.5,5,0.9,10,10,594,82
0.5,0.5,5,0.9,10,10,594,82
0.2,0.9,5,0.9,10,10,594,82
0.5,0.9,5,0.9,10,10,594,82
0.2,0.1,1,0.3,10,20,594,82
0.5,0.1,1,0.3,10,20,594,82
0.2,0.5,1,0.3,10,20,594,82
0.5,0.5,1,0.3,10,20,594,82
0.2,0.9,1,0.3,10,20,594,82
0.5,0.9,1,0.3,10,20,594,82
0.2,0.1,5,0.3,10,20,594,82
0.5,0.1,5,0.3,10,20,594,82
0.2,0.5,5,0.3,10,20,594,82
0.5,0.5,5,0.3,10,20,594,82
0.2,0.9,5,0.3,10,20,594,82
0.5,0.9,5,0.3,10,20,594,82
0.2,0.1,1,0.9,10,20,594,82
0.5,0.1,1,0.9,10,20,594,82
0.2,0.5,1,0.9,10,20,594,82
0.5,0.5,1,0.9,10,20,594,82
0.2,0.9,1,0.9,10,20,594,82
0.5,0.9,1,0.9,10,20,594,82
0.2,0.1,5,0.9,10,20,594,82
0.5,0.1,5,0.9,10,20,594,82
0.2,0.5,5,0.9,10,20,594,82
0.5,0.5,5,0.9,10,20,594,82
0.2,0.9,5,0.9,10,20,594,82
0.5,0.9,5,0.9,10,20,594,82
0.2,0.1,1,0.3,10,10,594,83
0.5,0.1,1,0.3,10,10,594,83
0.2,0.5,1,0.3,10,10,594,83
0.5,0.5,1,0.3,10,10,594,83
0.2,0.9,1,0.3,10,10,594,83
0.5,0.9,1,0.3,10,10,594,83
0.2,0.1,5,0.3,10,10,594,83
0.5,0.1,5,0.3,10,10,594,83
0.2,0.5,5,0.3,10,10,594,83
0.5,0.5,5,0.3,10,10,594,83
0.2,0.9,5,0.3,10,10,594,83
0.5,0.9,5,0.3,10,10,594,83
0.2,0.1,1,0.9,10,10,594,83
0.5,0.1,1,0.9,10,10,594,83
0.2,0.5,1,0.9,10,10,594,83
0.5,0.5,1,0.9,10,10,594,83
0.2,0.9,1,0.9,10,10,594,83
0.5,0.9,1,0.9,10,10,594,83
0.2,0.1,5,0.9,10,10,594,83
0.5,0.1,5,0.9,10,10,594,83
0.2,0.5,5,0.9,10,10,594,83
0.5,0.5,5,0.9,10,10,594,83
0.2,0.9,5,0.9,10,10,594,83
0.5,0.9,5,0.9,10,10,594,83
0.2,0.1,1,0.3,10,20,594,83
0.5,0.1,1,0.3,10,20,594,83
0.2,0.5,1,0.3,10,20,594,83
0.5,0.5,1,0.3,10,20,594,83
0.2,0.9,1,0.3,10,20,594,83
0.5,0.9,1,0.3,10,20,594,83
0.2,0.1,5,0.3,10,20,594,83
0.5,0.1,5,0.3,10,20,594,83
0.2,0.5,5,0.3,10,20,594,83
0.5,0.5,5,0.3,10,20,594,83
0.2,0.9,5,0.3,10,20,594,83
0.5,0.9,5,0.3,10,20,594,83
0.2,0.1,1,0.9,10,20,594,83
0.5,0.1,1,0.9,10,20,594,83
0.2,0.5,1,0.9,10,20,594,83
0.5,0.5,1,0.9,10,20,594,83
0.2,0.9,1,0.9,10,20,594,83
0.5,0.9,1,0.9,10,20,594,83
0.2,0.1,5,0.9,10,20,594,83
0.5,0.1,5,0.9,10,20,594,83
0.2,0.5,5,0.9,10,20,594,83
0.5,0.5,5,0.9,10,20,594,83
0.2,0.9,5,0.9,10,20,594,83
0.5,0.9,5,0.9,10,20,594,83
0.2,0.1,1,0.3,10,10,594,84
0.5,0.1,1,0.3,10,10,594,84
0.2,0.5,1,0.3,10,10,594,84
0.5,0.5,1,0.3,10,10,594,84
0.2,0.9,1,0.3,10,10,594,84
0.5,0.9,1,0.3,10,10,594,84
0.2,0.1,5,0.3,10,10,594,84
0.5,0.1,5,0.3,10,10,594,84
0.2,0.5,5,0.3,10,10,594,84
0.5,0.5,5,0.3,10,10,594,84
0.2,0.9,5,0.3,10,10,594,84
0.5,0.9,5,0.3,10,10,594,84
0.2,0.1,1,0.9,10,10,594,84
0.5,0.1,1,0.9,10,10,594,84
0.2,0.5,1,0.9,10,10,594,84
0.5,0.5,1,0.9,10,10,594,84
0.2,0.9,1,0.9,10,10,594,84
0.5,0.9,1,0.9,10,10,594,84
0.2,0.1,5,0.9,10,10,594,84
0.5,0.1,5,0.9,10,10,594,84
0.2,0.5,5,0.9,10,10,594,84
0.5,0.5,5,0.9,10,10,594,84
0.2,0.9,5,0.9,10,10,594,84
0.5,0.9,5,0.9,10,10,594,84
0.2,0.1,1,0.3,10,20,594,84
0.5,0.1,1,0.3,10,20,594,84
0.2,0.5,1,0.3,10,20,594,84
0.5,0.5,1,0.3,10,20,594,84
0.2,0.9,1,0.3,10,20,594,84
0.5,0.9,1,0.3,10,20,594,84
0.2,0.1,5,0.3,10,20,594,84
0.5,0.1,5,0.3,10,20,594,84
0.2,0.5,5,0.3,10,20,594,84
0.5,0.5,5,0.3,10,20,594,84
0.2,0.9,5,0.3,10,20,594,84
0.5,0.9,5,0.3,10,20,594,84
0.2,0.1,1,0.9,10,20,594,84
0.5,0.1,1,0.9,10,20,594,84
0.2,0.5,1,0.9,10,20,594,84
0.5,0.5,1,0.9,10,20,594,84
0.2,0.9,1,0.9,10,20,594,84
0.5,0.9,1,0.9,10,20,594,84
0.2,0.1,5,0.9,10,20,594,84
0.5,0.1,5,0.9,10,20,594,84
0.2,0.5,5,0.9,10,20,594,84
0.5,0.5,5,0.9,10,20,594,84
0.2,0.9,5,0.9,10,20,594,84
0.5,0.9,5,0.9,10,20,594,84
0.2,0.1,1,0.3,10,10,594,85
0.5,0.1,1,0.3,10,10,594,85
0.2,0.5,1,0.3,10,10,594,85
0.5,0.5,1,0.3,10,10,594,85
0.2,0.9,1,0.3,10,10,594,85
0.5,0.9,1,0.3,10,10,594,85
0.2,0.1,5,0.3,10,10,594,85
0.5,0.1,5,0.3,10,10,594,85
0.2,0.5,5,0.3,10,10,594,85
0.5,0.5,5,0.3,10,10,594,85
0.2,0.9,5,0.3,10,10,594,85
0.5,0.9,5,0.3,10,10,594,85
0.2,0.1,1,0.9,10,10,594,85
0.5,0.1,1,0.9,10,10,594,85
0.2,0.5,1,0.9,10,10,594,85
0.5,0.5,1,0.9,10,10,594,85
0.2,0.9,1,0.9,10,10,594,85
0.5,0.9,1,0.9,10,10,594,85
0.2,0.1,5,0.9,10,10,594,85
0.5,0.1,5,0.9,10,10,594,85
0.2,0.5,5,0.9,10,10,594,85
0.5,0.5,5,0.9,10,10,594,85
0.2,0.9,5,0.9,10,10,594,85
0.5,0.9,5,0.9,10,10,594,85
0.2,0.1,1,0.3,10,20,594,85
0.5,0.1,1,0.3,10,20,594,85
0.2,0.5,1,0.3,10,20,594,85
0.5,0.5,1,0.3,10,20,594,85
0.2,0.9,1,0.3,10,20,594,85
0.5,0.9,1,0.3,10,20,594,85
0.2,0.1,5,0.3,10,20,594,85
0.5,0.1,5,0.3,10,20,594,85
0.2,0.5,5,0.3,10,20,594,85
0.5,0.5,5,0.3,10,20,594,85
0.2,0.9,5,0.3,10,20,594,85
0.5,0.9,5,0.3,10,20,594,85
0.2,0.1,1,0.9,10,20,594,85
0.5,0.1,1,0.9,10,20,594,85
0.2,0.5,1,0.9,10,20,594,85
0.5,0.5,1,0.9,10,20,594,85
0.2,0.9,1,0.9,10,20,594,85
0.5,0.9,1,0.9,10,20,594,85
0.2,0.1,5,0.9,10,20,594,85
0.5,0.1,5,0.9,10,20,594,85
0.2,0.5,5,0.9,10,20,594,85
0.5,0.5,5,0.9,10,20,594,85
0.2,0.9,5,0.9,10,20,594,85
0.5,0.9,5,0.9,10,20,594,85
0.2,0.1,1,0.3,10,10,594,86
0.5,0.1,1,0.3,10,10,594,86
0.2,0.5,1,0.3,10,10,594,86
0.5,0.5,1,0.3,10,10,594,86
0.2,0.9,1,0.3,10,10,594,86
0.5,0.9,1,0.3,10,10,594,86
0.2,0.1,5,0.3,10,10,594,86
0.5,0.1,5,0.3,10,10,594,86
0.2,0.5,5,0.3,10,10,594,86
0.5,0.5,5,0.3,10,10,594,86
0.2,0.9,5,0.3,10,10,594,86
0.5,0.9,5,0.3,10,10,594,86
0.2,0.1,1,0.9,10,10,594,86
0.5,0.1,1,0.9,10,10,594,86
0.2,0.5,1,0.9,10,10,594,86
0.5,0.5,1,0.9,10,10,594,86
0.2,0.9,1,0.9,10,10,594,86
0.5,0.9,1,0.9,10,10,594,86
0.2,0.1,5,0.9,10,10,594,86
0.5,0.1,5,0.9,10,10,594,86
0.2,0.5,5,0.9,10,10,594,86
0.5,0.5,5,0.9,10,10,594,86
0.2,0.9,5,0.9,10,10,594,86
0.5,0.9,5,0.9,10,10,594,86
0.2,0.1,1,0.3,10,20,594,86
0.5,0.1,1,0.3,10,20,594,86
0.2,0.5,1,0.3,10,20,594,86
0.5,0.5,1,0.3,10,20,594,86
0.2,0.9,1,0.3,10,20,594,86
0.5,0.9,1,0.3,10,20,594,86
0.2,0.1,5,0.3,10,20,594,86
0.5,0.1,5,0.3,10,20,594,86
0.2,0.5,5,0.3,10,20,594,86
0.5,0.5,5,0.3,10,20,594,86
0.2,0.9,5,0.3,10,20,594,86
0.5,0.9,5,0.3,10,20,594,86
0.2,0.1,1,0.9,10,20,594,86
0.5,0.1,1,0.9,10,20,594,86
0.2,0.5,1,0.9,10,20,594,86
0.5,0.5,1,0.9,10,20,594,86
0.2,0.9,1,0.9,10,20,594,86
0.5,0.9,1,0.9,10,20,594,86
0.2,0.1,5,0.9,10,20,594,86
0.5,0.1,5,0.9,10,20,594,86
0.2,0.5,5,0.9,10,20,594,86
0.5,0.5,5,0.9,10,20,594,86
0.2,0.9,5,0.9,10,20,594,86
0.5,0.9,5,0.9,10,20,594,86
0.2,0.1,1,0.3,10,10,594,87
0.5,0.1,1,0.3,10,10,594,87
0.2,0.5,1,0.3,10,10,594,87
0.5,0.5,1,0.3,10,10,594,87
0.2,0.9,1,0.3,10,10,594,87
0.5,0.9,1,0.3,10,10,594,87
0.2,0.1,5,0.3,10,10,594,87
0.5,0.1,5,0.3,10,10,594,87
0.2,0.5,5,0.3,10,10,594,87
0.5,0.5,5,0.3,10,10,594,87
0.2,0.9,5,0.3,10,10,594,87
0.5,0.9,5,0.3,10,10,594,87
0.2,0.1,1,0.9,10,10,594,87
0.5,0.1,1,0.9,10,10,594,87
0.2,0.5,1,0.9,10,10,594,87
0.5,0.5,1,0.9,10,10,594,87
0.2,0.9,1,0.9,10,10,594,87
0.5,0.9,1,0.9,10,10,594,87
0.2,0.1,5,0.9,10,10,594,87
0.5,0.1,5,0.9,10,10,594,87
0.2,0.5,5,0.9,10,10,594,87
0.5,0.5,5,0.9,10,10,594,87
0.2,0.9,5,0.9,10,10,594,87
0.5,0.9,5,0.9,10,10,594,87
0.2,0.1,1,0.3,10,20,594,87
0.5,0.1,1,0.3,10,20,594,87
0.2,0.5,1,0.3,10,20,594,87
0.5,0.5,1,0.3,10,20,594,87
0.2,0.9,1,0.3,10,20,594,87
0.5,0.9,1,0.3,10,20,594,87
0.2,0.1,5,0.3,10,20,594,87
0.5,0.1,5,0.3,10,20,594,87
0.2,0.5,5,0.3,10,20,594,87
0.5,0.5,5,0.3,10,20,594,87
0.2,0.9,5,0.3,10,20,594,87
0.5,0.9,5,0.3,10,20,594,87
0.2,0.1,1,0.9,10,20,594,87
0.5,0.1,1,0.9,10,20,594,87
0.2,0.5,1,0.9,10,20,594,87
0.5,0.5,1,0.9,10,20,594,87
0.2,0.9,1,0.9,10,20,594,87
0.5,0.9,1,0.9,10,20,594,87
0.2,0.1,5,0.9,10,20,594,87
0.5,0.1,5,0.9,10,20,594,87
0.2,0.5,5,0.9,10,20,594,87
0.5,0.5,5,0.9,10,20,594,87
0.2,0.9,5,0.9,10,20,594,87
0.5,0.9,5,0.9,10,20,594,87
0.2,0.1,1,0.3,10,10,594,88
0.5,0.1,1,0.3,10,10,594,88
0.2,0.5,1,0.3,10,10,594,88
0.5,0.5,1,0.3,10,10,594,88
0.2,0.9,1,0.3,10,10,594,88
0.5,0.9,1,0.3,10,10,594,88
0.2,0.1,5,0.3,10,10,594,88
0.5,0.1,5,0.3,10,10,594,88
0.2,0.5,5,0.3,10,10,594,88
0.5,0.5,5,0.3,10,10,594,88
0.2,0.9,5,0.3,10,10,594,88
0.5,0.9,5,0.3,10,10,594,88
0.2,0.1,1,0.9,10,10,594,88
0.5,0.1,1,0.9,10,10,594,88
0.2,0.5,1,0.9,10,10,594,88
0.5,0.5,1,0.9,10,10,594,88
0.2,0.9,1,0.9,10,10,594,88
0.5,0.9,1,0.9,10,10,594,88
0.2,0.1,5,0.9,10,10,594,88
0.5,0.1,5,0.9,10,10,594,88
0.2,0.5,5,0.9,10,10,594,88
0.5,0.5,5,0.9,10,10,594,88
0.2,0.9,5,0.9,10,10,594,88
0.5,0.9,5,0.9,10,10,594,88
0.2,0.1,1,0.3,10,20,594,88
0.5,0.1,1,0.3,10,20,594,88
0.2,0.5,1,0.3,10,20,594,88
0.5,0.5,1,0.3,10,20,594,88
0.2,0.9,1,0.3,10,20,594,88
0.5,0.9,1,0.3,10,20,594,88
0.2,0.1,5,0.3,10,20,594,88
0.5,0.1,5,0.3,10,20,594,88
0.2,0.5,5,0.3,10,20,594,88
0.5,0.5,5,0.3,10,20,594,88
0.2,0.9,5,0.3,10,20,594,88
0.5,0.9,5,0.3,10,20,594,88
0.2,0.1,1,0.9,10,20,594,88
0.5,0.1,1,0.9,10,20,594,88
0.2,0.5,1,0.9,10,20,594,88
0.5,0.5,1,0.9,10,20,594,88
0.2,0.9,1,0.9,10,20,594,88
0.5,0.9,1,0.9,10,20,594,88
0.2,0.1,5,0.9,10,20,594,88
0.5,0.1,5,0.9,10,20,594,88
0.2,0.5,5,0.9,10,20,594,88
0.5,0.5,5,0.9,10,20,594,88
0.2,0.9,5,0.9,10,20,594,88
0.5,0.9,5,0.9,10,20,594,88
0.2,0.1,1,0.3,10,10,594,89
0.5,0.1,1,0.3,10,10,594,89
0.2,0.5,1,0.3,10,10,594,89
0.5,0.5,1,0.3,10,10,594,89
0.2,0.9,1,0.3,10,10,594,89
0.5,0.9,1,0.3,10,10,594,89
0.2,0.1,5,0.3,10,10,594,89
0.5,0.1,5,0.3,10,10,594,89
0.2,0.5,5,0.3,10,10,594,89
0.5,0.5,5,0.3,10,10,594,89
0.2,0.9,5,0.3,10,10,594,89
0.5,0.9,5,0.3,10,10,594,89
0.2,0.1,1,0.9,10,10,594,89
0.5,0.1,1,0.9,10,10,594,89
0.2,0.5,1,0.9,10,10,594,89
0.5,0.5,1,0.9,10,10,594,89
0.2,0.9,1,0.9,10,10,594,89
0.5,0.9,1,0.9,10,10,594,89
0.2,0.1,5,0.9,10,10,594,89
0.5,0.1,5,0.9,10,10,594,89
0.2,0.5,5,0.9,10,10,594,89
0.5,0.5,5,0.9,10,10,594,89
0.2,0.9,5,0.9,10,10,594,89
0.5,0.9,5,0.9,10,10,594,89
0.2,0.1,1,0.3,10,20,594,89
0.5,0.1,1,0.3,10,20,594,89
0.2,0.5,1,0.3,10,20,594,89
0.5,0.5,1,0.3,10,20,594,89
0.2,0.9,1,0.3,10,20,594,89
0.5,0.9,1,0.3,10,20,594,89
0.2,0.1,5,0.3,10,20,594,89
0.5,0.1,5,0.3,10,20,594,89
0.2,0.5,5,0.3,10,20,594,89
0.5,0.5,5,0.3,10,20,594,89
0.2,0.9,5,0.3,10,20,594,89
0.5,0.9,5,0.3,10,20,594,89
0.2,0.1,1,0.9,10,20,594,89
0.5,0.1,1,0.9,10,20,594,89
0.2,0.5,1,0.9,10,20,594,89
0.5,0.5,1,0.9,10,20,594,89
0.2,0.9,1,0.9,10,20,594,89
0.5,0.9,1,0.9,10,20,594,89
0.2,0.1,5,0.9,10,20,594,89
0.5,0.1,5,0.9,10,20,594,89
0.2,0.5,5,0.9,10,20,594,89
0.5,0.5,5,0.9,10,20,594,89
0.2,0.9,5,0.9,10,20,594,89
0.5,0.9,5,0.9,10,20,594,89
0.2,0.1,1,0.3,10,10,594,90
0.5,0.1,1,0.3,10,10,594,90
0.2,0.5,1,0.3,10,10,594,90
0.5,0.5,1,0.3,10,10,594,90
0.2,0.9,1,0.3,10,10,594,90
0.5,0.9,1,0.3,10,10,594,90
0.2,0.1,5,0.3,10,10,594,90
0.5,0.1,5,0.3,10,10,594,90
0.2,0.5,5,0.3,10,10,594,90
0.5,0.5,5,0.3,10,10,594,90
0.2,0.9,5,0.3,10,10,594,90
0.5,0.9,5,0.3,10,10,594,90
0.2,0.1,1,0.9,10,10,594,90
0.5,0.1,1,0.9,10,10,594,90
0.2,0.5,1,0.9,10,10,594,90
0.5,0.5,1,0.9,10,10,594,90
0.2,0.9,1,0.9,10,10,594,90
0.5,0.9,1,0.9,10,10,594,90
0.2,0.1,5,0.9,10,10,594,90
0.5,0.1,5,0.9,10,10,594,90
0.2,0.5,5,0.9,10,10,594,90
0.5,0.5,5,0.9,10,10,594,90
0.2,0.9,5,0.9,10,10,594,90
0.5,0.9,5,0.9,10,10,594,90
0.2,0.1,1,0.3,10,20,594,90
0.5,0.1,1,0.3,10,20,594,90
0.2,0.5,1,0.3,10,20,594,90
0.5,0.5,1,0.3,10,20,594,90
0.2,0.9,1,0.3,10,20,594,90
0.5,0.9,1,0.3,10,20,594,90
0.2,0.1,5,0.3,10,20,594,90
0.5,0.1,5,0.3,10,20,594,90
0.2,0.5,5,0.3,10,20,594,90
0.5,0.5,5,0.3,10,20,594,90
0.2,0.9,5,0.3,10,20,594,90
0.5,0.9,5,0.3,10,20,594,90
0.2,0.1,1,0.9,10,20,594,90
0.5,0.1,1,0.9,10,20,594,90
0.2,0.5,1,0.9,10,20,594,90
0.5,0.5,1,0.9,10,20,594,90
0.2,0.9,1,0.9,10,20,594,90
0.5,0.9,1,0.9,10,20,594,90
0.2,0.1,5,0.9,10,20,594,90
0.5,0.1,5,0.9,10,20,594,90
0.2,0.5,5,0.9,10,20,594,90
0.5,0.5,5,0.9,10,20,594,90
0.2,0.9,5,0.9,10,20,594,90
0.5,0.9,5,0.9,10,20,594,90
0.2,0.1,1,0.3,10,10,594,91
0.5,0.1,1,0.3,10,10,594,91
0.2,0.5,1,0.3,10,10,594,91
0.5,0.5,1,0.3,10,10,594,91
0.2,0.9,1,0.3,10,10,594,91
0.5,0.9,1,0.3,10,10,594,91
0.2,0.1,5,0.3,10,10,594,91
0.5,0.1,5,0.3,10,10,594,91
0.2,0.5,5,0.3,10,10,594,91
0.5,0.5,5,0.3,10,10,594,91
0.2,0.9,5,0.3,10,10,594,91
0.5,0.9,5,0.3,10,10,594,91
0.2,0.1,1,0.9,10,10,594,91
0.5,0.1,1,0.9,10,10,594,91
0.2,0.5,1,0.9,10,10,594,91
0.5,0.5,1,0.9,10,10,594,91
0.2,0.9,1,0.9,10,10,594,91
0.5,0.9,1,0.9,10,10,594,91
0.2,0.1,5,0.9,10,10,594,91
0.5,0.1,5,0.9,10,10,594,91
0.2,0.5,5,0.9,10,10,594,91
0.5,0.5,5,0.9,10,10,594,91
0.2,0.9,5,0.9,10,10,594,91
0.5,0.9,5,0.9,10,10,594,91
0.2,0.1,1,0.3,10,20,594,91
0.5,0.1,1,0.3,10,20,594,91
0.2,0.5,1,0.3,10,20,594,91
0.5,0.5,1,0.3,10,20,594,91
0.2,0.9,1,0.3,10,20,594,91
0.5,0.9,1,0.3,10,20,594,91
0.2,0.1,5,0.3,10,20,594,91
0.5,0.1,5,0.3,10,20,594,91
0.2,0.5,5,0.3,10,20,594,91
0.5,0.5,5,0.3,10,20,594,91
0.2,0.9,5,0.3,10,20,594,91
0.5,0.9,5,0.3,10,20,594,91
0.2,0.1,1,0.9,10,20,594,91
0.5,0.1,1,0.9,10,20,594,91
0.2,0.5,1,0.9,10,20,594,91
0.5,0.5,1,0.9,10,20,594,91
0.2,0.9,1,0.9,10,20,594,91
0.5,0.9,1,0.9,10,20,594,91
0.2,0.1,5,0.9,10,20,594,91
0.5,0.1,5,0.9,10,20,594,91
0.2,0.5,5,0.9,10,20,594,91
0.5,0.5,5,0.9,10,20,594,91
0.2,0.9,5,0.9,10,20,594,91
0.5,0.9,5,0.9,10,20,594,91
0.2,0.1,1,0.3,10,10,594,92
0.5,0.1,1,0.3,10,10,594,92
0.2,0.5,1,0.3,10,10,594,92
0.5,0.5,1,0.3,10,10,594,92
0.2,0.9,1,0.3,10,10,594,92
0.5,0.9,1,0.3,10,10,594,92
0.2,0.1,5,0.3,10,10,594,92
0.5,0.1,5,0.3,10,10,594,92
0.2,0.5,5,0.3,10,10,594,92
0.5,0.5,5,0.3,10,10,594,92
0.2,0.9,5,0.3,10,10,594,92
0.5,0.9,5,0.3,10,10,594,92
0.2,0.1,1,0.9,10,10,594,92
0.5,0.1,1,0.9,10,10,594,92
0.2,0.5,1,0.9,10,10,594,92
0.5,0.5,1,0.9,10,10,594,92
0.2,0.9,1,0.9,10,10,594,92
0.5,0.9,1,0.9,10,10,594,92
0.2,0.1,5,0.9,10,10,594,92
0.5,0.1,5,0.9,10,10,594,92
0.2,0.5,5,0.9,10,10,594,92
0.5,0.5,5,0.9,10,10,594,92
0.2,0.9,5,0.9,10,10,594,92
0.5,0.9,5,0.9,10,10,594,92
0.2,0.1,1,0.3,10,20,594,92
0.5,0.1,1,0.3,10,20,594,92
0.2,0.5,1,0.3,10,20,594,92
0.5,0.5,1,0.3,10,20,594,92
0.2,0.9,1,0.3,10,20,594,92
0.5,0.9,1,0.3,10,20,594,92
0.2,0.1,5,0.3,10,20,594,92
0.5,0.1,5,0.3,10,20,594,92
0.2,0.5,5,0.3,10,20,594,92
0.5,0.5,5,0.3,10,20,594,92
0.2,0.9,5,0.3,10,20,594,92
0.5,0.9,5,0.3,10,20,594,92
0.2,0.1,1,0.9,10,20,594,92
0.5,0.1,1,0.9,10,20,594,92
0.2,0.5,1,0.9,10,20,594,92
0.5,0.5,1,0.9,10,20,594,92
0.2,0.9,1,0.9,10,20,594,92
0.5,0.9,1,0.9,10,20,594,92
0.2,0.1,5,0.9,10,20,594,92
0.5,0.1,5,0.9,10,20,594,92
0.2,0.5,5,0.9,10,20,594,92
0.5,0.5,5,0.9,10,20,594,92
0.2,0.9,5,0.9,10,20,594,92
0.5,0.9,5,0.9,10,20,594,92
0.2,0.1,1,0.3,10,10,594,93
0.5,0.1,1,0.3,10,10,594,93
0.2,0.5,1,0.3,10,10,594,93
0.5,0.5,1,0.3,10,10,594,93
0.2,0.9,1,0.3,10,10,594,93
0.5,0.9,1,0.3,10,10,594,93
0.2,0.1,5,0.3,10,10,594,93
0.5,0.1,5,0.3,10,10,594,93
0.2,0.5,5,0.3,10,10,594,93
0.5,0.5,5,0.3,10,10,594,93
0.2,0.9,5,0.3,10,10,594,93
0.5,0.9,5,0.3,10,10,594,93
0.2,0.1,1,0.9,10,10,594,93
0.5,0.1,1,0.9,10,10,594,93
0.2,0.5,1,0.9,10,10,594,93
0.5,0.5,1,0.9,10,10,594,93
0.2,0.9,1,0.9,10,10,594,93
0.5,0.9,1,0.9,10,10,594,93
0.2,0.1,5,0.9,10,10,594,93
0.5,0.1,5,0.9,10,10,594,93
0.2,0.5,5,0.9,10,10,594,93
0.5,0.5,5,0.9,10,10,594,93
0.2,0.9,5,0.9,10,10,594,93
0.5,0.9,5,0.9,10,10,594,93
0.2,0.1,1,0.3,10,20,594,93
0.5,0.1,1,0.3,10,20,594,93
0.2,0.5,1,0.3,10,20,594,93
0.5,0.5,1,0.3,10,20,594,93
0.2,0.9,1,0.3,10,20,594,93
0.5,0.9,1,0.3,10,20,594,93
0.2,0.1,5,0.3,10,20,594,93
0.5,0.1,5,0.3,10,20,594,93
0.2,0.5,5,0.3,10,20,594,93
0.5,0.5,5,0.3,10,20,594,93
0.2,0.9,5,0.3,10,20,594,93
0.5,0.9,5,0.3,10,20,594,93
0.2,0.1,1,0.9,10,20,594,93
0.5,0.1,1,0.9,10,20,594,93
0.2,0.5,1,0.9,10,20,594,93
0.5,0.5,1,0.9,10,20,594,93
0.2,0.9,1,0.9,10,20,594,93
0.5,0.9,1,0.9,10,20,594,93
0.2,0.1,5,0.9,10,20,594,93
0.5,0.1,5,0.9,10,20,594,93
0.2,0.5,5,0.9,10,20,594,93
0.5,0.5,5,0.9,10,20,594,93
0.2,0.9,5,0.9,10,20,594,93
0.5,0.9,5,0.9,10,20,594,93
0.2,0.1,1,0.3,10,10,594,94
0.5,0.1,1,0.3,10,10,594,94
0.2,0.5,1,0.3,10,10,594,94
0.5,0.5,1,0.3,10,10,594,94
0.2,0.9,1,0.3,10,10,594,94
0.5,0.9,1,0.3,10,10,594,94
0.2,0.1,5,0.3,10,10,594,94
0.5,0.1,5,0.3,10,10,594,94
0.2,0.5,5,0.3,10,10,594,94
0.5,0.5,5,0.3,10,10,594,94
0.2,0.9,5,0.3,10,10,594,94
0.5,0.9,5,0.3,10,10,594,94
0.2,0.1,1,0.9,10,10,594,94
0.5,0.1,1,0.9,10,10,594,94
0.2,0.5,1,0.9,10,10,594,94
0.5,0.5,1,0.9,10,10,594,94
0.2,0.9,1,0.9,10,10,594,94
0.5,0.9,1,0.9,10,10,594,94
0.2,0.1,5,0.9,10,10,594,94
0.5,0.1,5,0.9,10,10,594,94
0.2,0.5,5,0.9,10,10,594,94
0.5,0.5,5,0.9,10,10,594,94
0.2,0.9,5,0.9,10,10,594,94
0.5,0.9,5,0.9,10,10,594,94
0.2,0.1,1,0.3,10,20,594,94
0.5,0.1,1,0.3,10,20,594,94
0.2,0.5,1,0.3,10,20,594,94
0.5,0.5,1,0.3,10,20,594,94
0.2,0.9,1,0.3,10,20,594,94
0.5,0.9,1,0.3,10,20,594,94
0.2,0.1,5,0.3,10,20,594,94
0.5,0.1,5,0.3,10,20,594,94
0.2,0.5,5,0.3,10,20,594,94
0.5,0.5,5,0.3,10,20,594,94
0.2,0.9,5,0.3,10,20,594,94
0.5,0.9,5,0.3,10,20,594,94
0.2,0.1,1,0.9,10,20,594,94
0.5,0.1,1,0.9,10,20,594,94
0.2,0.5,1,0.9,10,20,594,94
0.5,0.5,1,0.9,10,20,594,94
0.2,0.9,1,0.9,10,20,594,94
0.5,0.9,1,0.9,10,20,594,94
0.2,0.1,5,0.9,10,20,594,94
0.5,0.1,5,0.9,10,20,594,94
0.2,0.5,5,0.9,10,20,594,94
0.5,0.5,5,0.9,10,20,594,94
0.2,0.9,5,0.9,10,20,594,94
0.5,0.9,5,0.9,10,20,594,94
0.2,0.1,1,0.3,10,10,594,95
0.5,0.1,1,0.3,10,10,594,95
0.2,0.5,1,0.3,10,10,594,95
0.5,0.5,1,0.3,10,10,594,95
0.2,0.9,1,0.3,10,10,594,95
0.5,0.9,1,0.3,10,10,594,95
0.2,0.1,5,0.3,10,10,594,95
0.5,0.1,5,0.3,10,10,594,95
0.2,0.5,5,0.3,10,10,594,95
0.5,0.5,5,0.3,10,10,594,95
0.2,0.9,5,0.3,10,10,594,95
0.5,0.9,5,0.3,10,10,594,95
0.2,0.1,1,0.9,10,10,594,95
0.5,0.1,1,0.9,10,10,594,95
0.2,0.5,1,0.9,10,10,594,95
0.5,0.5,1,0.9,10,10,594,95
0.2,0.9,1,0.9,10,10,594,95
0.5,0.9,1,0.9,10,10,594,95
0.2,0.1,5,0.9,10,10,594,95
0.5,0.1,5,0.9,10,10,594,95
0.2,0.5,5,0.9,10,10,594,95
0.5,0.5,5,0.9,10,10,594,95
0.2,0.9,5,0.9,10,10,594,95
0.5,0.9,5,0.9,10,10,594,95
0.2,0.1,1,0.3,10,20,594,95
0.5,0.1,1,0.3,10,20,594,95
0.2,0.5,1,0.3,10,20,594,95
0.5,0.5,1,0.3,10,20,594,95
0.2,0.9,1,0.3,10,20,594,95
0.5,0.9,1,0.3,10,20,594,95
0.2,0.1,5,0.3,10,20,594,95
0.5,0.1,5,0.3,10,20,594,95
0.2,0.5,5,0.3,10,20,594,95
0.5,0.5,5,0.3,10,20,594,95
0.2,0.9,5,0.3,10,20,594,95
0.5,0.9,5,0.3,10,20,594,95
0.2,0.1,1,0.9,10,20,594,95
0.5,0.1,1,0.9,10,20,594,95
0.2,0.5,1,0.9,10,20,594,95
0.5,0.5,1,0.9,10,20,594,95
0.2,0.9,1,0.9,10,20,594,95
0.5,0.9,1,0.9,10,20,594,95
0.2,0.1,5,0.9,10,20,594,95
0.5,0.1,5,0.9,10,20,594,95
0.2,0.5,5,0.9,10,20,594,95
0.5,0.5,5,0.9,10,20,594,95
0.2,0.9,5,0.9,10,20,594,95
0.5,0.9,5,0.9,10,20,594,95
0.2,0.1,1,0.3,10,10,594,96
0.5,0.1,1,0.3,10,10,594,96
0.2,0.5,1,0.3,10,10,594,96
0.5,0.5,1,0.3,10,10,594,96
0.2,0.9,1,0.3,10,10,594,96
0.5,0.9,1,0.3,10,10,594,96
0.2,0.1,5,0.3,10,10,594,96
0.5,0.1,5,0.3,10,10,594,96
0.2,0.5,5,0.3,10,10,594,96
0.5,0.5,5,0.3,10,10,594,96
0.2,0.9,5,0.3,10,10,594,96
0.5,0.9,5,0.3,10,10,594,96
0.2,0.1,1,0.9,10,10,594,96
0.5,0.1,1,0.9,10,10,594,96
0.2,0.5,1,0.9,10,10,594,96
0.5,0.5,1,0.9,10,10,594,96
0.2,0.9,1,0.9,10,10,594,96
0.5,0.9,1,0.9,10,10,594,96
0.2,0.1,5,0.9,10,10,594,96
0.5,0.1,5,0.9,10,10,594,96
0.2,0.5,5,0.9,10,10,594,96
0.5,0.5,5,0.9,10,10,594,96
0.2,0.9,5,0.9,10,10,594,96
0.5,0.9,5,0.9,10,10,594,96
0.2,0.1,1,0.3,10,20,594,96
0.5,0.1,1,0.3,10,20,594,96
0.2,0.5,1,0.3,10,20,594,96
0.5,0.5,1,0.3,10,20,594,96
0.2,0.9,1,0.3,10,20,594,96
0.5,0.9,1,0.3,10,20,594,96
0.2,0.1,5,0.3,10,20,594,96
0.5,0.1,5,0.3,10,20,594,96
0.2,0.5,5,0.3,10,20,594,96
0.5,0.5,5,0.3,10,20,594,96
0.2,0.9,5,0.3,10,20,594,96
0.5,0.9,5,0.3,10,20,594,96
0.2,0.1,1,0.9,10,20,594,96
0.5,0.1,1,0.9,10,20,594,96
0.2,0.5,1,0.9,10,20,594,96
0.5,0.5,1,0.9,10,20,594,96
0.2,0.9,1,0.9,10,20,594,96
0.5,0.9,1,0.9,10,20,594,96
0.2,0.1,5,0.9,10,20,594,96
0.5,0.1,5,0.9,10,20,594,96
0.2,0.5,5,0.9,10,20,594,96
0.5,0.5,5,0.9,10,20,594,96
0.2,0.9,5,0.9,10,20,594,96
0.5,0.9,5,0.9,10,20,594,96
0.2,0.1,1,0.3,10,10,594,97
0.5,0.1,1,0.3,10,10,594,97
0.2,0.5,1,0.3,10,10,594,97
0.5,0.5,1,0.3,10,10,594,97
0.2,0.9,1,0.3,10,10,594,97
0.5,0.9,1,0.3,10,10,594,97
0.2,0.1,5,0.3,10,10,594,97
0.5,0.1,5,0.3,10,10,594,97
0.2,0.5,5,0.3,10,10,594,97
0.5,0.5,5,0.3,10,10,594,97
0.2,0.9,5,0.3,10,10,594,97
0.5,0.9,5,0.3,10,10,594,97
0.2,0.1,1,0.9,10,10,594,97
0.5,0.1,1,0.9,10,10,594,97
0.2,0.5,1,0.9,10,10,594,97
0.5,0.5,1,0.9,10,10,594,97
0.2,0.9,1,0.9,10,10,594,97
0.5,0.9,1,0.9,10,10,594,97
0.2,0.1,5,0.9,10,10,594,97
0.5,0.1,5,0.9,10,10,594,97
0.2,0.5,5,0.9,10,10,594,97
0.5,0.5,5,0.9,10,10,594,97
0.2,0.9,5,0.9,10,10,594,97
0.5,0.9,5,0.9,10,10,594,97
0.2,0.1,1,0.3,10,20,594,97
0.5,0.1,1,0.3,10,20,594,97
0.2,0.5,1,0.3,10,20,594,97
0.5,0.5,1,0.3,10,20,594,97
0.2,0.9,1,0.3,10,20,594,97
0.5,0.9,1,0.3,10,20,594,97
0.2,0.1,5,0.3,10,20,594,97
0.5,0.1,5,0.3,10,20,594,97
0.2,0.5,5,0.3,10,20,594,97
0.5,0.5,5,0.3,10,20,594,97
0.2,0.9,5,0.3,10,20,594,97
0.5,0.9,5,0.3,10,20,594,97
0.2,0.1,1,0.9,10,20,594,97
0.5,0.1,1,0.9,10,20,594,97
0.2,0.5,1,0.9,10,20,594,97
0.5,0.5,1,0.9,10,20,594,97
0.2,0.9,1,0.9,10,20,594,97
0.5,0.9,1,0.9,10,20,594,97
0.2,0.1,5,0.9,10,20,594,97
0.5,0.1,5,0.9,10,20,594,97
0.2,0.5,5,0.9,10,20,594,97
0.5,0.5,5,0.9,10,20,594,97
0.2,0.9,5,0.9,10,20,594,97
0.5,0.9,5,0.9,10,20,594,97
0.2,0.1,1,0.3,10,10,594,98
0.5,0.1,1,0.3,10,10,594,98
0.2,0.5,1,0.3,10,10,594,98
0.5,0.5,1,0.3,10,10,594,98
0.2,0.9,1,0.3,10,10,594,98
0.5,0.9,1,0.3,10,10,594,98
0.2,0.1,5,0.3,10,10,594,98
0.5,0.1,5,0.3,10,10,594,98
0.2,0.5,5,0.3,10,10,594,98
0.5,0.5,5,0.3,10,10,594,98
0.2,0.9,5,0.3,10,10,594,98
0.5,0.9,5,0.3,10,10,594,98
0.2,0.1,1,0.9,10,10,594,98
0.5,0.1,1,0.9,10,10,594,98
0.2,0.5,1,0.9,10,10,594,98
0.5,0.5,1,0.9,10,10,594,98
0.2,0.9,1,0.9,10,10,594,98
0.5,0.9,1,0.9,10,10,594,98
0.2,0.1,5,0.9,10,10,594,98
0.5,0.1,5,0.9,10,10,594,98
0.2,0.5,5,0.9,10,10,594,98
0.5,0.5,5,0.9,10,10,594,98
0.2,0.9,5,0.9,10,10,594,98
0.5,0.9,5,0.9,10,10,594,98
0.2,0.1,1,0.3,10,20,594,98
0.5,0.1,1,0.3,10,20,594,98
0.2,0.5,1,0.3,10,20,594,98
0.5,0.5,1,0.3,10,20,594,98
0.2,0.9,1,0.3,10,20,594,98
0.5,0.9,1,0.3,10,20,594,98
0.2,0.1,5,0.3,10,20,594,98
0.5,0.1,5,0.3,10,20,594,98
0.2,0.5,5,0.3,10,20,594,98
0.5,0.5,5,0.3,10,20,594,98
0.2,0.9,5,0.3,10,20,594,98
0.5,0.9,5,0.3,10,20,594,98
0.2,0.1,1,0.9,10,20,594,98
0.5,0.1,1,0.9,10,20,594,98
0.2,0.5,1,0.9,10,20,594,98
0.5,0.5,1,0.9,10,20,594,98
0.2,0.9,1,0.9,10,20,594,98
0.5,0.9,1,0.9,10,20,594,98
0.2,0.1,5,0.9,10,20,594,98
0.5,0.1,5,0.9,10,20,594,98
0.2,0.5,5,0.9,10,20,594,98
0.5,0.5,5,0.9,10,20,594,98
0.2,0.9,5,0.9,10,20,594,98
0.5,0.9,5,0.9,10,20,594,98
0.2,0.1,1,0.3,10,10,594,99
0.5,0.1,1,0.3,10,10,594,99
0.2,0.5,1,0.3,10,10,594,99
0.5,0.5,1,0.3,10,10,594,99
0.2,0.9,1,0.3,10,10,594,99
0.5,0.9,1,0.3,10,10,594,99
0.2,0.1,5,0.3,10,10,594,99
0.5,0.1,5,0.3,10,10,594,99
0.2,0.5,5,0.3,10,10,594,99
0.5,0.5,5,0.3,10,10,594,99
0.2,0.9,5,0.3,10,10,594,99
0.5,0.9,5,0.3,10,10,594,99
0.2,0.1,1,0.9,10,10,594,99
0.5,0.1,1,0.9,10,10,594,99
0.2,0.5,1,0.9,10,10,594,99
0.5,0.5,1,0.9,10,10,594,99
0.2,0.9,1,0.9,10,10,594,99
0.5,0.9,1,0.9,10,10,594,99
0.2,0.1,5,0.9,10,10,594,99
0.5,0.1,5,0.9,10,10,594,99
0.2,0.5,5,0.9,10,10,594,99
0.5,0.5,5,0.9,10,10,594,99
0.2,0.9,5,0.9,10,10,594,99
0.5,0.9,5,0.9,10,10,594,99
0.2,0.1,1,0.3,10,20,594,99
0.5,0.1,1,0.3,10,20,594,99
0.2,0.5,1,0.3,10,20,594,99
0.5,0.5,1,0.3,10,20,594,99
0.2,0.9,1,0.3,10,20,594,99
0.5,0.9,1,0.3,10,20,594,99
0.2,0.1,5,0.3,10,20,594,99
0.5,0.1,5,0.3,10,20,594,99
0.2,0.5,5,0.3,10,20,594,99
0.5,0.5,5,0.3,10,20,594,99
0.2,0.9,5,0.3,10,20,594,99
0.5,0.9,5,0.3,10,20,594,99
0.2,0.1,1,0.9,10,20,594,99
0.5,0.1,1,0.9,10,20,594,99
0.2,0.5,1,0.9,10,20,594,99
0.5,0.5,1,0.9,10,20,594,99
0.2,0.9,1,0.9,10,20,594,99
0.5,0.9,1,0.9,10,20,594,99
0.2,0.1,5,0.9,10,20,594,99
0.5,0.1,5,0.9,10,20,594,99
0.2,0.5,5,0.9,10,20,594,99
0.5,0.5,5,0.9,10,20,594,99
0.2,0.9,5,0.9,10,20,594,99
0.5,0.9,5,0.9,10,20,594,99
0.2,0.1,1,0.3,10,10,594,100
0.5,0.1,1,0.3,10,10,594,100
0.2,0.5,1,0.3,10,10,594,100
0.5,0.5,1,0.3,10,10,594,100
0.2,0.9,1,0.3,10,10,594,100
0.5,0.9,1,0.3,10,10,594,100
0.2,0.1,5,0.3,10,10,594,100
0.5,0.1,5,0.3,10,10,594,100
0.2,0.5,5,0.3,10,10,594,100
0.5,0.5,5,0.3,10,10,594,100
0.2,0.9,5,0.3,10,10,594,100
0.5,0.9,5,0.3,10,10,594,100
0.2,0.1,1,0.9,10,10,594,100
0.5,0.1,1,0.9,10,10,594,100
0.2,0.5,1,0.9,10,10,594,100
0.5,0.5,1,0.9,10,10,594,100
0.2,0.9,1,0.9,10,10,594,100
0.5,0.9,1,0.9,10,10,594,100
0.2,0.1,5,0.9,10,10,594,100
0.5,0.1,5,0.9,10,10,594,100
0.2,0.5,5,0.9,10,10,594,100
0.5,0.5,5,0.9,10,10,594,100
0.2,0.9,5,0.9,10,10,594,100
0.5,0.9,5,0.9,10,10,594,100
0.2,0.1,1,0.3,10,20,594,100
0.5,0.1,1,0.3,10,20,594,100
0.2,0.5,1,0.3,10,20,594,100
0.5,0.5,1,0.3,10,20,594,100
0.2,0.9,1,0.3,10,20,594,100
0.5,0.9,1,0.3,10,20,594,100
0.2,0.1,5,0.3,10,20,594,100
0.5,0.1,5,0.3,10,20,594,100
0.2,0.5,5,0.3,10,20,594,100
0.5,0.5,5,0.3,10,20,594,100
0.2,0.9,5,0.3,10,20,594,100
0.5,0.9,5,0.3,10,20,594,100
0.2,0.1,1,0.9,10,20,594,100
0.5,0.1,1,0.9,10,20,594,100
0.2,0.5,1,0.9,10,20,594,100
0.5,0.5,1,0.9,10,20,594,100
0.2,0.9,1,0.9,10,20,594,100
0.5,0.9,1,0.9,10,20,594,100
0.2,0.1,5,0.9,10,20,594,100
0.5,0.1,5,0.9,10,20,594,100
0.2,0.5,5,0.9,10,20,594,100
0.5,0.5,5,0.9,10,20,594,100
0.2,0.9,5,0.9,10,20,594,100
0.5,0.9,5,0.9,10,20,594,100
